45
-1062249774
5
15 2 0
3 5 2
6 13 0
9 8 0
17 13 0
4 4 1
6 4 1
8 4 1
9 3 0
14 8 0
-1077635813 1069847835
5
9 1 0
0 4 0
8 2 0
0 2 0
11 3 0
4 4 1
6 14 0
0 1 0
7 2 0
0 0 0
-1084511935 1062971713
5
2 2 2
8 4 1
2 4 2
4 4 1
11 10 0
3 4 -1
11 8 0
23 16 -1
11 6 0
23 18 -1
-1084436947 1063046701
5
18 2 0
22 1 0
16 2 0
22 2 0
17 2 0
21 0 0
15 2 0
23 5 0
9 1 1
23 4 0
-1086865801 1060617847
5
15 11 0
3 4 1
3 2 2
8 4 1
17 11 0
1 3 -1
18 11 0
4 9 -1
6 4 1
23 4 -1
-1087445082 1060038566
2
4 4 2
7 8 1
5 0 -1
4 5 2
-1089283737 1058199911
2
11 12 0
4 10 1
5 5 -1
9 15 0
-1090471700 1057011948
4
2 7 1
0 6 1
2 7 -1
2 20 0
7 3 -1
1 14 0
1 4 -1
2 16 0
-1090365045 1057118603
5
14 23 0
8 4 1
12 5 0
18 9 -1
12 6 0
2 0 -1
13 5 0
8 12 -1
9 7 1
14 7 -1
-1089190385 1058293263
5
3 0 2
3 2 2
10 3 0
11 6 1
13 2 0
22 15 0
11 3 0
22 2 0
9 2 0
22 0 0
-1090770894 1056712754
5
8 23 0
3 4 1
7 12 0
18 4 -1
5 12 0
3 4 -1
8 12 0
1 2 -1
5 13 0
22 0 -1
-1089698542 1057785106
5
22 9 0
23 23 0
22 11 0
23 23 -1
22 10 0
11 11 -1
21 14 0
1 2 -1
22 12 0
22 0 -1
-1092102170 1055381478
2
9 18 0
10 16 0
3 7 1
8 19 -1
-1091363525 1056120123
5
10 4 0
3 5 2
12 4 0
8 4 1
11 4 0
7 4 1
6 2 1
8 10 0
6 2 -1
4 4 1
-1093369816 1054113832
4
12 13 0
13 9 0
12 12 0
14 12 0
4 0 -1
13 10 0
15 11 -1
14 13 0
-1091121462 1056362186
2
4 3 2
9 4 1
4 3 -1
4 2 2
-1091055199 1056428449
3
9 7 1
4 5 2
7 5 -1
15 14 0
0 5 -1
9 9 1
-1094069530 1053414118
5
15 17 0
1 3 0
20 12 0
2 0 0
7 6 1
2 1 0
10 4 1
1 2 0
16 23 0
1 2 -1
-1095003565 1052480083
5
2 16 0
4 4 1
1 4 1
6 2 -1
1 5 1
3 5 -1
11 12 0
19 19 -1
2 14 0
1 2 -1
-1094495795 1052987853
3
15 1 0
4 3 2
14 1 0
8 4 1
14 0 0
4 2 2
-1094087801 1053395847
5
2 8 1
1 21 0
3 12 0
1 20 0
1 4 2
0 18 0
2 9 1
0 17 0
7 13 0
0 9 1
-1097062254 1050421394
5
17 12 0
7 8 0
15 12 0
3 6 -1
17 22 0
16 8 -1
16 23 0
1 3 -1
16 12 0
0 9 -1
-1095202380 1052281268
5
9 6 1
23 12 0
17 12 0
23 13 0
18 12 0
20 23 0
18 13 0
11 7 1
18 13 -1
11 8 1
-1093961586 1053522062
2
2 4 2
4 10 1
4 7 1
4 5 -1
-1093191699 1054291949
4
4 5 2
8 4 1
22 8 0
4 4 -1
19 14 0
4 1 -1
12 9 0
2 2 -1
-1096644618 1050839030
2
3 7 1
4 7 1
21 14 -1
2 2 2
-1095799380 1051684268
3
7 3 0
3 0 1
4 1 1
4 2 0
17 6 -1
5 1 0
-1092223102 1055260546
4
15 3 0
8 0 1
7 1 1
18 1 0
14 3 0
17 1 0
0 7 -1
18 2 0
-1095422068 1052061580
5
12 10 0
8 10 0
12 11 0
15 10 0
12 12 0
15 9 0
12 13 0
4 2 2
6 6 -1
8 4 1
-1094949220 1052534428
2
17 13 0
9 4 1
12 11 -1
8 10 1
-1093923299 1053560349
5
0 10 0
8 10 1
0 9 0
9 4 1
0 12 0
8 4 1
0 11 0
9 5 1
0 4 1
9 5 -1
-1097619064 1049864584
3
7 1 0
4 7 0
0 9 -1
3 15 0
1 8 -1
3 16 0
-1097910197 1049573451
2
4 15 0
9 21 0
7 23 0
18 3 -1
-1098356638 1049127010
5
17 12 0
23 0 0
4 3 2
23 1 0
19 12 0
11 0 -1
18 17 0
22 21 -1
8 6 1
16 -1 -1
-1099009272 1048474376
2
7 13 0
4 4 1
4 5 -1
2 2 2
-1098634207 1048849441
5
21 13 0
4 18 0
20 14 0
4 17 0
10 10 1
4 19 0
10 7 1
5 20 0
21 11 0
5 20 -1
-1097418577 1050065071
2
2 11 1
12 17 0
3 13 0
4 17 -1
-1100145762 1047337886
2
11 13 0
1 1 2
5 1 -1
2 4 1
-1097299261 1050184387
2
15 17 0
14 15 0
7 7 1
4 3 -1
-1097309875 1050173773
2
3 3 2
13 9 0
11 8 0
13 8 0
-1097740071 1049743577
2
8 11 0
8 9 0
3 2 -1
4 5 1
-1097851479 1049632169
3
12 9 0
2 2 2
6 10 -1
1 1 2
9 11 -1
5 6 1
-1098981013 1048502635
4
4 11 1
0 23 0
5 11 0
0 22 0
5 11 1
5 0 -1
1 3 2
4 0 -1
-1098463296 1049020352
5
15 1 0
7 5 1
7 0 1
4 2 2
17 2 0
7 4 1
15 2 0
4 3 2
16 0 0
8 4 -1
-1096195470 1051288178
2
6 11 1
12 21 0
12 23 0
4 2 -1
-1097933998 1049549650
