301
-1063491961
5
8 6 1
8 11 1
11 9 0
7 8 1
8 3 0
19 8 0
14 3 0
7 5 1
10 4 0
13 8 0
-1081127025 1066356623
5
14 4 0
2 2 2
3 6 1
5 8 1
13 4 0
2 5 2
12 4 0
10 8 0
12 8 0
10 8 -1
-1085200742 1062282906
5
6 2 0
2 3 0
5 3 0
2 1 0
3 1 1
1 2 2
7 2 0
2 2 0
7 2 -1
1 2 1
-1090030465 1057453183
5
3 4 2
4 4 1
3 2 2
8 4 1
6 4 1
8 4 -1
12 10 0
2 2 -1
8 17 0
1 2 -1
-1090839525 1056644123
5
18 1 0
23 4 0
19 2 0
23 3 0
17 2 0
22 1 0
9 0 1
22 0 0
16 2 0
22 2 0
-1090750626 1056733022
3
15 23 0
7 10 1
4 4 2
0 4 -1
14 18 0
5 9 -1
-1093518207 1053965441
5
11 8 0
8 4 1
11 6 0
4 4 1
16 11 0
14 8 0
11 7 0
14 8 -1
17 11 0
1 5 -1
-1093046218 1054437430
5
12 13 0
4 8 0
12 10 0
4 10 1
12 11 0
1 2 2
12 12 0
2 4 1
12 12 -1
9 15 0
-1094537576 1052946072
2
19 14 0
20 15 0
0 17 -1
19 22 0
-1096007345 1051476303
5
3 13 0
0 11 1
3 15 0
0 21 0
1 6 1
1 23 0
3 14 0
0 5 2
5 22 0
0 5 -1
-1096511237 1050972411
5
4 19 0
3 4 1
2 4 1
20 19 -1
10 13 0
7 5 -1
4 16 0
4 1 -1
3 13 0
0 5 -1
-1096522607 1050961041
2
11 4 0
15 15 0
5 4 -1
3 1 2
-1097252854 1050230794
4
17 14 0
11 17 0
17 15 0
4 20 -1
12 18 0
1 8 -1
11 18 0
0 5 -1
-1095799380 1051684268
5
6 14 0
5 18 0
2 4 -1
5 17 0
1 1 -1
3 7 1
2 1 -1
5 9 1
11 18 -1
2 2 2
-1096561575 1050922073
5
20 17 0
17 8 0
19 20 0
0 4 -1
20 12 0
5 9 -1
15 12 0
2 2 -1
20 8 0
2 2 -1
-1097025005 1050458643
2
6 7 1
7 7 1
8 11 -1
8 10 1
-1098038682 1049444966
5
15 2 0
20 3 0
16 2 0
11 6 1
14 2 0
21 5 0
8 0 1
18 1 0
8 0 -1
19 2 0
-1096976287 1050507361
4
17 23 0
8 4 1
18 21 0
17 12 -1
9 7 1
10 2 -1
8 8 1
18 1 -1
-1097197830 1050285818
5
2 7 1
0 3 0
2 3 1
0 1 0
9 12 0
0 2 0
4 12 0
0 4 0
8 23 0
0 4 -1
-1102157467 1045326181
3
7 22 0
9 21 0
8 23 0
4 4 -1
5 9 1
2 0 -1
-1098561146 1048922502
2
3 7 1
3 4 1
3 7 -1
2 2 2
-1097991635 1049492013
5
15 0 0
5 9 1
11 1 0
8 4 1
10 2 0
4 7 1
3 3 2
3 10 1
17 1 0
3 10 -1
-1101022161 1046461487
3
22 12 0
23 22 0
11 5 1
23 23 0
22 14 0
3 8 -1
-1100204988 1047278660
2
3 7 1
8 14 0
11 5 -1
2 5 2
-1102375678 1045107970
4
17 14 0
8 8 1
16 13 0
9 9 1
2 5 -1
15 14 0
4 0 -1
8 7 1
-1100956082 1046527566
2
5 6 1
2 4 1
16 13 -1
1 2 2
-1098812282 1048671366
5
1 15 0
8 5 1
0 2 2
7 11 1
1 16 0
4 4 1
2 19 0
9 5 1
1 12 0
9 5 -1
-1099334350 1048149298
2
8 11 0
9 10 0
7 12 0
1 16 -1
-1097119578 1050364070
2
15 17 0
7 8 1
13 10 -1
4 4 2
-1098719505 1048764143
5
11 0 0
4 1 0
10 0 0
5 0 0
7 1 0
4 2 0
8 1 0
5 1 0
9 1 0
6 0 -1
-1098699039 1048784609
2
2 4 2
3 4 1
2 3 2
21 20 -1
-1102730851 1044752797
5
10 12 0
4 5 1
11 10 0
15 10 0
5 6 1
16 11 0
2 11 0
7 10 0
11 11 0
7 10 -1
-1098116107 1049367541
5
13 2 0
3 23 0
14 2 0
0 15 0
1 3 2
0 14 0
11 2 0
1 9 1
11 2 -1
0 8 1
-1103506600 1043977048
2
17 13 0
4 2 2
2 5 -1
9 4 1
-1101895171 1045588477
2
10 4 0
11 3 0
5 1 -1
3 0 2
-1102356066 1045127582
2
5 3 2
11 8 1
3 3 -1
23 14 0
-1103811786 1043671862
3
22 16 0
13 17 0
22 18 0
2 3 -1
22 9 0
0 5 -1
-1103771319 1043712329
5
13 2 0
3 2 2
10 2 0
3 5 2
13 1 0
8 4 1
14 2 0
6 11 1
11 1 0
6 11 -1
-1101136149 1046347499
3
12 14 0
8 1 1
1 0 -1
15 2 0
1 1 -1
7 0 1
-1103446667 1044036981
2
4 20 0
3 10 1
5 23 0
3 2 -1
-1105052938 1042430710
2
2 7 1
4 23 0
4 2 -1
3 16 0
-1103750754 1043732894
3
3 5 2
3 5 1
3 2 2
1 17 -1
6 4 1
2 0 -1
-1103425568 1044058080
2
14 17 0
13 16 0
8 6 1
10 9 -1
-1102397960 1045085688
5
15 1 0
4 5 2
7 0 1
4 3 2
14 0 0
4 2 2
13 0 0
8 10 1
14 1 0
8 10 -1
-1102945411 1044538237
5
8 13 0
22 4 0
9 12 0
21 0 0
4 9 1
22 3 0
5 5 1
22 2 0
4 7 1
22 2 -1
-1103366993 1044116655
2
17 16 0
14 8 0
17 13 0
21 0 -1
-1102478782 1045004866
2
16 4 0
16 3 0
10 9 -1
10 3 1
-1103125253 1044358395
5
1 17 0
4 3 1
1 16 0
3 3 1
0 7 1
8 6 0
1 15 0
9 6 0
0 8 0
7 6 -1
-1103790395 1043693253
2
3 2 2
8 4 1
3 3 2
3 3 -1
-1102360308 1045123340
2
10 17 0
10 15 0
2 4 2
12 14 -1
-1101296201 1046187447
2
11 14 0
9 13 0
11 12 0
10 11 0
-1098094614 1049389034
2
12 5 0
3 4 1
13 5 0
4 1 -1
-1100648785 1046834863
5
7 13 0
10 12 0
10 2 0
1 5 1
8 12 0
1 3 1
11 2 0
10 13 0
11 2 -1
1 1 2
-1101373670 1046109978
2
6 4 1
4 4 1
10 2 -1
6 9 1
-1105268716 1042214932
2
20 21 0
15 5 0
20 22 0
8 5 -1
-1105160340 1042323308
2
4 3 2
9 4 1
3 3 2
17 15 -1
-1104745542 1042738106
3
2 3 2
7 6 1
2 3 -1
4 5 2
4 7 -1
4 4 2
-1105898833 1041584815
5
8 1 1
2 16 0
9 2 1
2 14 0
16 1 0
4 22 0
17 1 0
2 15 0
17 1 -1
4 21 0
-1105218962 1042264686
2
9 18 0
2 5 2
9 0 -1
5 8 1
-1104141262 1043342386
2
7 11 0
15 8 0
8 11 0
5 8 -1
-1104219755 1043263893
2
0 4 2
1 4 2
3 3 -1
6 14 0
-1104783495 1042700153
2
6 7 1
0 7 1
12 11 -1
0 12 0
-1103510236 1043973412
2
3 10 1
4 10 1
7 22 0
3 0 -1
-1105265277 1042218371
2
5 4 2
11 8 1
19 21 -1
11 9 1
-1107398878 1040084770
2
3 8 1
4 4 1
3 7 1
20 5 -1
-1105268638 1042215010
5
11 7 1
4 11 1
23 13 0
3 5 1
23 19 0
2 5 2
23 20 0
8 23 0
23 21 0
8 23 -1
-1104314215 1043169433
2
4 0 0
0 0 0
1 2 0
6 11 -1
-1103595329 1043888319
2
11 12 0
23 13 0
8 1 -1
23 12 0
-1106375645 1041108003
5
23 13 0
6 12 0
11 7 1
3 4 1
23 12 0
8 4 1
11 5 1
7 11 0
11 6 1
7 11 -1
-1106224670 1041258978
2
20 15 0
10 11 1
5 5 -1
10 10 1
-1105707627 1041776021
2
11 19 0
11 18 0
4 8 1
19 2 -1
-1103742487 1043741161
2
14 3 0
8 1 1
6 4 -1
15 0 0
-1105453483 1042030165
4
14 23 0
12 21 0
5 3 1
0 3 -1
13 23 0
1 2 -1
12 23 0
4 4 -1
-1103685224 1043798424
2
19 12 0
4 3 2
5 2 -1
7 5 1
-1104467761 1043015887
2
0 5 2
5 3 2
8 3 -1
22 11 0
-1106449362 1041034286
2
2 3 2
3 4 1
6 12 0
5 2 -1
-1105539292 1041944356
2
5 0 2
14 4 0
5 6 -1
6 2 1
-1105453233 1042030415
2
16 1 0
4 4 2
11 0 -1
8 10 1
-1107980950 1039502698
2
9 4 1
5 0 2
4 3 1
8 10 -1
-1106406118 1041077530
2
16 22 0
2 4 2
1 1 -1
2 2 2
-1108653178 1038830470
2
12 11 0
5 1 2
2 2 -1
5 0 2
-1108882666 1038600982
2
11 4 1
7 4 1
11 3 1
5 0 -1
-1107138497 1040345151
2
9 22 0
4 10 1
2 3 2
9 11 -1
-1106255228 1041228420
2
2 8 1
5 23 0
4 10 -1
3 18 0
-1106812183 1040671465
2
12 21 0
11 6 1
6 9 -1
23 10 0
-1106377093 1041106555
2
9 8 1
18 18 0
9 7 1
8 6 -1
-1107124317 1040359331
2
13 19 0
6 9 1
3 0 -1
5 11 1
-1108228087 1039255561
5
2 0 2
3 2 2
10 1 0
4 4 1
9 0 0
6 9 1
7 1 0
8 4 1
8 0 0
8 4 -1
-1107446534 1040037114
2
8 6 1
9 4 1
4 3 2
4 2 -1
-1106099107 1041384541
2
0 23 0
12 2 0
4 3 -1
9 2 0
-1104313690 1043169958
2
4 10 1
0 23 0
2 3 2
2 5 -1
-1107022080 1040461568
2
12 18 0
12 16 0
14 0 -1
8 10 1
-1105482574 1042001074
4
10 14 0
8 11 0
18 8 -1
6 12 0
7 0 -1
8 5 1
5 3 -1
5 5 1
-1106301149 1041182499
2
6 2 1
8 4 1
5 2 1
8 2 -1
-1102996352 1044487296
2
12 20 0
11 19 0
10 20 0
10 19 0
-1100381169 1047102479
2
17 16 0
8 4 1
10 20 -1
7 8 1
-1106792275 1040691373
3
2 20 0
3 10 1
1 4 2
4 1 -1
3 21 0
0 0 -1
-1106672999 1040810649
5
6 15 0
0 18 0
7 14 0
0 19 0
3 7 1
0 16 0
6 16 0
0 17 0
6 19 0
0 17 -1
-1105861192 1041622456
2
8 6 1
8 4 1
16 12 0
15 10 -1
-1102373369 1045110279
5
0 1 2
13 23 0
0 3 2
8 6 1
0 2 2
14 23 0
0 0 2
4 3 2
0 4 1
7 9 -1
-1105043340 1042440308
2
3 3 2
10 11 0
6 5 1
8 6 -1
-1107228113 1040255535
2
11 4 0
8 4 1
10 4 0
5 9 -1
-1106109944 1041373704
5
15 12 0
6 2 0
18 13 0
3 3 0
9 6 1
6 0 0
16 23 0
2 1 1
4 3 2
7 0 0
-1105254282 1042229366
2
4 12 0
2 3 2
18 13 -1
8 4 1
-1106549999 1040933649
2
4 10 1
3 5 2
2 4 2
3 0 -1
-1108210873 1039272775
2
9 7 1
8 4 1
19 8 0
3 0 -1
-1107256384 1040227264
2
6 6 0
0 7 1
0 0 -1
0 2 2
-1109131352 1038352296
2
8 0 1
17 0 0
8 0 -1
18 2 0
-1105574404 1041909244
4
13 14 0
3 1 2
4 7 -1
16 15 0
4 3 -1
3 5 2
1 5 -1
7 13 0
-1107928967 1039554681
2
4 6 1
3 4 1
9 11 0
23 8 -1
-1101191019 1046292629
5
9 2 1
2 1 2
17 3 0
3 7 1
4 1 2
3 2 1
16 3 0
2 3 1
16 3 -1
3 3 1
-1106000045 1041483603
2
10 22 0
10 21 0
5 9 1
3 2 -1
-1106429248 1041054400
2
11 6 0
8 4 1
11 3 -1
5 3 1
-1103566628 1043917020
2
10 8 0
14 14 0
5 3 -1
5 2 2
-1105849306 1041634342
2
7 3 0
8 18 0
8 2 -1
2 2 2
-1106767065 1040716583
2
1 19 0
9 5 0
1 11 1
4 1 -1
-1105402622 1042081026
2
2 3 2
3 4 1
4 6 1
3 4 -1
-1105010296 1042473352
5
7 6 1
7 0 0
15 12 0
3 3 0
13 9 0
8 0 0
14 11 0
4 2 0
4 4 2
5 1 0
-1105872009 1041611639
5
10 0 0
7 8 1
13 1 0
4 3 2
7 1 0
4 4 2
8 0 0
4 2 2
9 1 0
8 4 1
-1106625085 1040858563
2
6 6 1
11 3 0
1 0 -1
7 2 1
-1108025949 1039457699
2
13 13 0
0 13 0
0 2 -1
1 16 0
-1108326770 1039156878
2
8 6 1
8 4 1
17 13 0
1 16 -1
-1108063083 1039420565
5
12 4 0
6 5 1
11 4 0
23 7 0
3 1 2
23 6 0
6 2 1
6 6 1
17 14 0
23 14 0
-1104980912 1042502736
2
5 4 2
4 5 2
22 17 -1
8 7 1
-1107836471 1039647177
2
15 1 0
4 2 2
14 1 0
7 4 -1
-1105140114 1042343534
2
15 12 0
14 11 0
17 7 -1
10 4 1
-1105435499 1042048149
4
10 5 0
11 1 0
2 11 -1
3 1 2
9 1 -1
3 0 2
15 13 -1
13 1 0
-1106466068 1041017580
2
7 15 0
4 8 1
21 22 -1
9 14 0
-1106837817 1040645831
2
6 21 0
3 11 1
5 2 -1
5 21 0
-1107139285 1040344363
2
17 2 0
4 5 2
7 0 -1
8 11 1
-1107152877 1040330771
2
11 10 0
13 3 0
8 4 -1
12 3 0
-1105425978 1042057670
2
6 2 1
7 8 0
5 2 1
1 2 -1
-1105011362 1042472286
5
0 12 0
9 6 0
0 4 1
5 3 1
1 14 0
8 6 0
0 0 2
4 3 1
0 2 2
4 3 -1
-1105068839 1042414809
5
8 6 1
23 12 0
0 5 -1
7 6 1
0 0 -1
22 14 0
3 8 -1
11 4 1
2 2 -1
4 3 2
-1108195210 1039288438
4
12 12 0
0 2 1
12 11 0
0 1 2
4 3 -1
0 0 2
8 10 -1
0 3 1
-1105217075 1042266573
2
10 7 1
16 12 0
6 6 -1
4 2 2
-1107766037 1039717611
5
2 14 0
20 23 0
1 8 1
10 11 1
3 20 0
21 21 0
3 21 0
21 23 0
3 21 -1
21 20 0
-1107072263 1040411385
2
6 2 1
7 8 0
13 4 0
21 0 -1
-1105332765 1042150883
2
12 17 0
11 15 0
3 4 2
10 7 -1
-1106716593 1040767055
4
11 15 0
6 13 0
0 2 -1
8 11 0
19 23 -1
16 10 0
2 10 -1
2 2 2
-1103602479 1043881169
2
6 14 0
3 4 1
3 7 1
1 1 -1
-1104203001 1043280647
4
12 19 0
4 4 1
17 15 -1
12 18 0
5 14 -1
6 9 1
10 3 -1
12 22 0
-1104801573 1042682075
2
8 13 0
3 4 1
3 5 -1
4 9 1
-1107443866 1040039782
5
6 2 0
7 4 1
5 1 0
4 4 1
4 2 0
9 7 1
5 2 0
18 14 0
3 0 1
18 14 -1
-1106068645 1041415003
4
8 6 1
13 12 0
3 3 -1
11 6 1
20 18 -1
5 2 2
1 0 -1
22 17 0
-1106340311 1041143337
2
6 6 1
8 4 1
3 3 2
5 2 -1
-1106397413 1041086235
2
21 14 0
16 14 0
7 7 1
11 6 -1
-1106573943 1040909705
2
10 3 0
9 0 0
4 1 -1
5 0 1
-1108291583 1039192065
2
4 5 2
5 9 1
10 8 1
14 7 -1
-1109506577 1037977071
2
9 23 0
2 5 2
2 4 2
2 5 -1
-1108653396 1038830252
5
10 2 0
2 4 2
9 2 0
3 10 1
11 1 0
2 2 1
10 1 0
4 4 0
10 1 -1
5 3 0
-1106823835 1040659813
2
11 13 0
8 4 1
4 4 -1
4 1 2
-1106617085 1040866563
2
17 15 0
20 14 0
5 1 -1
19 14 0
-1105071479 1042412169
2
2 20 0
2 23 0
2 18 0
1 5 -1
-1105889826 1041593822
2
10 18 0
11 16 0
1 3 2
3 5 -1
-1108234871 1039248777
2
3 6 1
9 9 0
8 10 0
0 3 -1
-1105858808 1041624840
2
20 21 0
7 3 1
10 7 1
2 5 -1
-1108241914 1039241734
2
10 4 1
23 9 0
6 7 -1
5 2 2
-1110595269 1036888379
5
2 0 1
1 2 0
4 1 0
0 1 1
5 1 0
1 0 0
3 2 0
1 1 0
4 2 0
1 1 -1
-1106996551 1040487097
2
8 7 1
8 4 1
16 13 0
3 16 -1
-1105388724 1042094924
2
17 7 0
4 2 2
15 19 -1
8 4 1
-1106430756 1041052892
2
4 11 1
7 9 1
3 5 2
8 4 -1
-1107611058 1039872590
2
23 9 0
22 23 0
11 6 1
22 23 -1
-1107086996 1040396652
2
23 21 0
2 5 1
23 20 0
2 4 -1
-1107947605 1039536043
2
17 12 0
9 4 1
4 2 -1
8 5 1
-1105962793 1041520855
2
6 2 1
7 1 1
14 4 0
18 1 -1
-1107021246 1040462402
2
20 1 0
23 1 0
22 2 0
23 1 -1
-1106365028 1041118620
2
0 9 1
8 15 0
1 10 1
0 0 -1
-1111180822 1036302826
3
11 10 0
23 19 0
11 11 0
23 21 0
6 11 -1
23 20 0
-1106215661 1041267987
5
23 21 0
8 7 1
23 22 0
8 10 1
23 22 -1
8 8 1
6 3 -1
17 16 0
6 6 -1
4 5 2
-1106989618 1040494030
2
10 1 0
7 11 0
23 22 -1
2 2 2
-1106479278 1041004370
2
7 3 1
5 2 0
14 10 -1
3 1 1
-1108402490 1039081158
2
5 13 0
4 4 1
3 7 1
10 0 -1
-1106286362 1041197286
2
10 15 0
3 1 2
0 6 -1
6 2 1
-1107776435 1039707213
2
13 18 0
7 10 1
4 17 -1
6 7 1
-1107042350 1040441298
2
12 3 0
7 4 1
11 8 -1
8 4 1
-1107998935 1039484713
2
17 5 0
17 4 0
4 7 1
10 0 -1
-1108069916 1039413732
5
16 0 0
7 7 1
8 0 1
4 5 2
16 1 0
7 8 1
15 0 0
4 1 2
15 1 0
4 1 -1
-1107717020 1039766628
2
13 5 0
4 2 1
11 6 -1
5 2 1
-1105183560 1042300088
2
3 3 2
8 4 1
6 6 1
4 3 -1
-1108337907 1039145741
2
10 8 0
7 3 1
16 10 0
2 3 -1
-1106677058 1040806590
2
6 4 1
10 9 0
8 11 0
1 20 -1
-1105669061 1041814587
2
5 4 2
23 15 0
1 2 -1
23 16 0
-1108540473 1038943175
5
9 1 0
8 6 1
8 1 0
3 2 2
2 0 2
8 4 1
4 1 1
4 2 2
9 2 0
4 2 -1
-1110024862 1037458786
2
13 10 0
13 6 0
6 5 -1
7 3 1
-1107258871 1040224777
2
11 10 1
10 10 1
5 5 2
8 9 -1
-1109307716 1038175932
2
7 6 1
9 4 1
4 3 2
14 9 -1
-1105607852 1041875796
3
5 3 1
15 0 0
2 1 -1
9 1 1
15 22 -1
4 0 2
-1108561770 1038921878
2
10 9 1
2 5 2
19 21 0
17 14 -1
-1108697981 1038785667
3
16 2 0
4 3 2
2 10 -1
4 2 2
1 4 -1
9 6 1
-1110471507 1037012141
2
10 6 1
21 16 0
2 10 -1
22 12 0
-1108695036 1038788612
2
7 4 0
7 3 0
16 23 -1
3 3 1
-1106772600 1040711048
2
1 13 0
1 18 0
1 14 0
2 3 -1
-1109612673 1037870975
2
18 13 0
4 2 2
5 4 -1
13 11 0
-1109779338 1037704310
2
18 3 0
19 1 0
17 3 0
19 1 -1
-1108085861 1039397787
2
9 0 1
12 5 0
5 5 -1
3 1 2
-1107789944 1039693704
2
5 2 1
18 4 0
3 1 2
4 1 -1
-1107222641 1040261007
5
13 11 0
12 4 0
13 12 -1
13 4 0
2 13 -1
4 1 2
10 17 -1
3 0 2
15 23 -1
8 3 1
-1108551268 1038932380
2
9 2 0
4 7 1
3 2 -1
2 2 2
-1107174617 1040309031
2
13 5 0
18 12 0
4 1 -1
4 2 2
-1109698770 1037784878
2
19 11 0
4 2 2
4 1 -1
7 2 1
-1109143559 1038340089
2
4 6 1
3 4 1
2 3 2
2 5 -1
-1107377910 1040105738
2
4 7 0
4 0 2
0 7 -1
9 2 1
-1107073775 1040409873
2
4 0 2
6 3 0
9 2 1
4 4 -1
-1108411275 1039072373
2
4 9 1
13 18 0
2 4 2
5 2 -1
-1111997053 1035486595
3
5 2 2
10 4 1
23 8 0
12 1 -1
23 7 0
1 0 -1
-1105055895 1042427753
2
13 3 0
4 2 2
0 3 -1
4 3 2
-1107817319 1039666329
2
6 10 0
0 4 1
5 5 -1
0 11 0
-1109432605 1038051043
2
11 14 0
10 4 1
2 11 -1
11 13 0
-1110238061 1037245587
2
5 21 0
7 21 0
6 23 0
0 3 -1
-1106017159 1041466489
2
8 6 1
8 4 1
4 3 2
5 2 -1
-1105895606 1041588042
2
7 8 0
6 9 0
6 8 0
14 15 -1
-1105222045 1042261603
2
16 4 0
16 0 0
6 8 -1
8 1 1
-1109861591 1037622057
4
3 0 1
12 5 0
6 8 -1
2 0 2
0 5 -1
6 3 1
9 23 -1
10 5 0
-1110515740 1036967908
2
3 7 1
3 4 1
6 13 0
9 9 -1
-1104663566 1042820082
2
2 8 1
8 15 0
5 23 0
9 0 -1
-1107472748 1040010900
2
13 8 0
1 9 1
18 0 -1
1 8 1
-1105836043 1041647605
2
2 4 2
13 8 0
7 21 0
11 9 -1
-1109183906 1038299742
2
5 8 0
6 8 0
4 8 0
1 5 -1
-1104453156 1043030492
2
7 20 0
4 10 1
3 7 -1
3 4 1
-1107430693 1040052955
2
9 8 1
1 4 2
9 7 -1
2 9 1
-1110121416 1037362232
2
5 5 1
3 1 2
10 13 -1
6 2 1
-1109452092 1038031556
2
12 6 0
8 4 1
5 3 -1
4 4 1
-1105315971 1042167677
2
10 4 1
5 2 2
10 4 -1
11 5 1
-1107955777 1039527871
5
11 4 1
7 9 0
23 9 0
14 5 0
11 5 1
13 6 0
23 10 0
7 4 1
11 6 1
3 4 -1
-1109234250 1038249398
2
8 0 1
9 1 1
5 0 -1
20 4 0
-1107494063 1039989585
2
19 0 0
4 11 1
20 3 0
6 3 -1
-1112670128 1034813520
4
13 14 0
8 8 1
5 3 -1
15 14 0
20 23 -1
7 6 1
5 4 -1
16 15 0
-1108217369 1039266279
2
10 5 0
7 10 0
20 17 -1
3 1 2
-1108779810 1038703838
3
1 3 2
2 3 1
12 7 0
2 2 -1
7 10 0
3 2 -1
-1108110723 1039372925
3
10 7 1
10 10 1
5 10 -1
10 9 1
7 10 -1
18 23 0
-1107185398 1040298250
3
14 3 0
4 3 2
14 3 -1
4 2 2
4 4 -1
8 6 1
-1111362065 1036121583
2
4 4 2
13 15 0
12 17 0
1 4 -1
-1106714190 1040769458
2
10 9 0
9 2 1
20 22 -1
4 0 2
-1112360826 1035122822
2
11 3 0
2 2 2
2 6 -1
4 4 1
-1106928622 1040555026
3
15 12 0
7 2 0
10 2 -1
5 1 1
1 3 -1
10 1 0
-1108148154 1039335494
5
9 0 0
8 4 1
11 0 0
4 4 1
10 0 0
16 10 0
12 0 0
5 3 1
12 0 -1
10 6 0
-1106585277 1040898371
2
0 3 2
3 0 2
10 5 -1
6 1 1
-1111230445 1036253203
5
7 14 0
10 13 0
8 13 0
1 2 2
7 13 -1
10 12 0
2 16 -1
1 4 1
12 0 -1
1 9 0
-1107077363 1040406285
3
6 1 1
8 4 1
14 2 0
21 23 -1
13 1 0
10 12 -1
-1104775433 1042708215
2
19 22 0
20 22 0
19 21 0
1 5 -1
-1108401515 1039082133
2
13 19 0
2 0 2
12 22 -1
3 1 1
-1110634234 1036849414
4
11 13 0
9 13 0
9 3 -1
9 14 0
21 19 -1
9 12 0
4 5 -1
5 6 1
-1107011584 1040472064
4
11 22 0
13 20 0
12 22 0
2 0 -1
13 22 0
4 0 -1
14 22 0
5 6 -1
-1102905904 1044577744
2
4 6 1
3 4 1
2 3 2
1 3 -1
-1105541079 1041942569
2
0 0 2
9 6 1
0 1 2
4 5 -1
-1110900816 1036582832
2
17 10 0
9 3 1
0 1 -1
4 2 2
-1108349011 1039134637
2
10 3 1
12 17 0
4 1 2
18 4 -1
-1110911429 1036572219
3
2 4 2
0 0 0
3 3 2
3 1 -1
4 9 1
17 18 -1
-1111701798 1035781850
2
7 12 0
5 11 1
3 6 1
1 1 -1
-1112657388 1034826260
2
10 20 0
5 9 1
17 6 -1
2 5 2
-1105124365 1042359283
2
8 18 0
5 9 1
11 2 -1
4 9 1
-1106160946 1041322702
2
16 2 0
17 2 0
15 2 0
12 2 -1
-1106970102 1040513546
2
18 5 0
7 23 0
4 5 -1
5 19 0
-1109032858 1038450790
2
12 23 0
7 10 1
13 23 0
11 20 -1
-1108526188 1038957460
2
5 3 2
9 5 1
10 18 -1
9 6 1
-1109430897 1038052751
2
5 2 1
4 4 1
10 4 0
23 20 -1
-1107906730 1039576918
2
2 8 1
15 2 0
3 1 -1
12 1 0
-1108774641 1038709007
2
4 3 2
10 20 0
7 10 1
1 4 -1
-1111131556 1036352092
2
11 10 0
22 5 0
11 11 0
3 4 -1
-1106216661 1041266987
5
8 0 1
11 23 0
17 1 0
8 4 1
17 0 0
9 6 0
9 1 1
4 2 2
18 0 0
4 2 -1
-1108735357 1038748291
2
5 4 1
13 9 0
5 4 -1
4 2 2
-1110061261 1037422387
5
9 3 0
4 1 0
4 1 1
2 15 0
8 3 0
5 1 0
7 3 0
3 4 0
7 3 -1
2 13 0
-1111005413 1036478235
2
17 13 0
4 4 1
7 7 -1
8 4 1
-1105947058 1041536590
2
1 1 2
9 5 0
2 12 0
21 4 -1
-1107891275 1039592373
2
12 14 0
1 19 0
0 1 -1
1 10 1
-1110810821 1036672827
2
16 5 0
16 3 0
1 9 -1
15 3 0
-1104861397 1042622251
2
4 3 2
8 4 1
8 6 1
4 0 -1
-1108293754 1039189894
2
11 17 0
11 16 0
6 15 0
0 4 -1
-1105467350 1042016298
4
12 16 0
10 11 0
11 8 -1
5 9 1
0 7 -1
10 10 0
3 1 -1
5 8 1
-1104829870 1042653778
2
3 7 1
4 4 1
6 13 0
14 16 -1
-1105061945 1042421703
2
7 6 0
4 4 2
17 13 -1
8 9 1
-1107857259 1039626389
2
15 3 0
4 1 2
11 2 -1
15 2 0
-1110436906 1037046742
2
10 18 0
5 8 1
11 4 -1
5 9 1
-1107537052 1039946596
2
8 7 1
4 5 2
4 4 2
3 7 -1
-1111211354 1036272294
2
12 15 0
11 14 0
4 4 -1
8 19 0
-1110463932 1037019716
2
18 13 0
13 18 0
13 20 0
4 2 -1
-1108252531 1039231117
2
12 6 0
8 4 1
4 3 -1
4 2 2
-1107752978 1039730670
5
21 1 0
7 3 1
5 1 2
14 6 -1
11 3 1
15 11 -1
5 0 2
4 3 -1
10 0 1
8 4 -1
-1106994723 1040488925
2
10 15 0
21 14 0
6 10 -1
22 12 0
-1108527437 1038956211
2
18 20 0
2 2 2
0 0 -1
3 4 1
-1110535670 1036947978
5
12 1 0
7 4 1
6 1 1
6 15 0
13 1 0
8 4 1
11 2 0
5 16 0
7 1 1
5 16 -1
-1111055439 1036428209
3
22 14 0
5 0 2
21 15 0
9 5 -1
21 17 0
4 0 -1
-1110354485 1037129163
2
10 14 0
23 16 0
2 1 -1
11 8 1
-1110814414 1036669234
4
21 14 0
8 7 1
21 15 0
8 8 1
0 5 -1
9 10 1
18 4 -1
4 5 2
-1106698637 1040785011
2
15 18 0
23 16 0
5 1 -1
23 18 0
-1111618119 1035865529
2
15 1 0
4 2 2
14 1 0
4 3 -1
-1110012744 1037470904
2
2 6 1
14 1 0
6 5 -1
11 1 0
-1108757035 1038726613
2
3 2 2
8 4 1
17 8 0
3 9 -1
-1107178146 1040305502
2
17 13 0
8 4 1
8 10 -1
4 2 2
-1107277712 1040205936
2
0 8 0
1 4 1
0 3 1
11 7 -1
-1110953685 1036529963
2
6 5 1
0 3 1
8 0 -1
0 1 2
-1111766893 1035716755
2
0 5 1
1 5 1
0 3 2
18 7 -1
-1110564518 1036919130
2
7 6 0
7 5 0
3 6 1
12 20 -1
-1111331790 1036151858
2
8 0 0
4 9 1
1 5 -1
2 3 2
-1107783547 1039700101
2
0 10 0
0 5 0
0 11 0
5 9 -1
-1109185461 1038298187
2
8 23 0
0 13 0
1 4 2
0 2 -1
-1109095140 1038388508
2
4 6 0
4 4 2
1 4 -1
4 5 2
-1113363800 1034119848
2
7 6 1
3 4 1
6 5 1
9 16 -1
-1111697319 1035786329
2
5 9 0
4 3 1
3 13 -1
10 7 0
-1110263629 1037220019
5
13 2 0
7 0 0
9 2 0
5 2 0
6 1 1
6 2 0
10 2 0
5 1 0
10 2 -1
6 1 0
-1107272703 1040210945
