32
-1062493158
5
12 4 0
0 2 0
9 2 0
15 7 0
6 13 0
0 3 0
8 3 0
9 8 0
14 3 0
5 8 1
-1078016438 1069467210
5
13 3 0
7 4 1
16 13 0
4 4 1
3 1 2
8 4 1
6 4 1
14 8 0
11 3 0
14 8 -1
-1080332917 1067150731
5
10 6 1
23 12 0
19 13 0
5 2 2
18 13 0
23 13 0
19 12 0
23 14 0
19 12 -1
11 8 1
-1085276390 1062207258
5
12 11 0
6 8 1
12 13 0
8 4 1
12 12 0
3 4 1
12 10 0
9 4 1
6 6 1
9 4 -1
-1086647540 1060836108
5
5 12 0
4 4 1
3 8 1
0 3 -1
5 3 1
1 4 -1
8 11 0
1 3 -1
11 8 0
9 4 -1
-1086530661 1060952987
5
13 1 0
7 5 1
3 0 2
9 4 1
12 1 0
8 10 1
14 2 0
4 2 2
12 3 0
4 2 -1
-1088870077 1058613571
5
18 12 0
8 4 1
16 23 0
6 4 -1
12 7 0
10 10 -1
15 11 0
12 6 -1
8 8 1
4 3 -1
-1088083431 1059400217
5
4 13 0
0 15 0
4 14 0
0 4 2
5 14 0
0 14 0
2 7 1
0 13 0
2 7 -1
1 17 0
-1088644325 1058839323
2
9 7 1
4 5 2
9 7 -1
7 8 1
-1089782605 1057701043
5
3 2 1
23 0 0
4 2 1
23 3 0
6 14 0
23 2 0
5 6 1
23 1 0
4 9 1
11 0 -1
-1091983017 1055500631
3
10 23 0
10 21 0
2 4 2
21 9 -1
3 7 1
23 2 -1
-1090601710 1056881938
5
20 13 0
8 4 1
21 12 0
16 8 -1
21 8 0
3 4 -1
10 8 1
3 3 -1
12 12 0
11 0 -1
-1091500933 1055982715
2
2 4 2
2 5 2
21 12 -1
3 4 1
-1090495773 1056987875
5
8 0 0
3 0 0
5 2 0
2 0 0
6 1 0
2 1 0
8 1 0
2 2 0
7 1 0
2 2 -1
-1090285807 1057197841
5
11 10 0
3 4 1
2 12 0
5 1 -1
2 8 0
2 4 -1
11 11 0
4 2 -1
10 12 0
2 2 -1
-1091431697 1056051951
4
15 2 0
19 1 0
16 1 0
20 2 0
8 0 1
0 11 -1
17 2 0
8 10 -1
-1091056755 1056426893
2
17 12 0
8 5 1
16 12 0
9 1 -1
-1091013873 1056469775
4
11 12 0
10 10 0
11 13 0
10 12 0
0 0 -1
9 13 0
0 0 -1
10 11 0
-1089228946 1058254702
3
11 5 0
8 4 1
10 2 -1
12 17 0
8 6 -1
4 4 1
-1095098913 1052384735
5
10 11 1
23 23 0
21 13 0
23 22 0
10 7 1
11 11 1
20 13 0
23 21 -1
20 14 0
17 21 -1
-1093236648 1054247000
2
4 3 2
9 4 1
7 9 1
23 22 -1
-1094361979 1053121669
4
3 11 1
4 10 1
2 5 2
23 22 -1
2 4 2
11 11 -1
5 20 0
23 21 -1
-1095855566 1051628082
2
7 13 0
4 8 1
5 4 -1
4 6 1
-1095752787 1051730861
2
2 4 2
10 16 0
5 9 1
10 16 -1
-1095968631 1051515017
2
4 6 1
3 4 1
2 3 2
0 0 -1
-1095998371 1051485277
5
7 11 1
1 23 0
3 5 2
0 20 0
12 23 0
0 19 0
13 23 0
0 21 0
6 7 1
0 21 -1
-1094853916 1052629732
5
0 10 0
8 4 1
0 9 0
8 11 1
0 6 1
4 5 2
0 13 0
4 4 2
0 13 -1
9 5 1
-1096354302 1051129346
2
9 8 1
15 15 0
18 15 0
4 2 -1
-1095023115 1052460533
2
5 6 1
1 2 2
13 17 -1
2 4 1
-1095489124 1051994524
5
19 2 0
22 1 0
10 0 1
23 3 0
20 2 0
22 0 0
18 2 0
11 1 1
18 2 -1
23 2 0
-1094392033 1053091615
5
4 7 1
16 8 0
2 2 2
7 0 -1
2 5 2
9 3 -1
2 4 2
15 11 -1
6 14 0
23 2 -1
-1097792848 1049690800
5
10 2 0
3 11 1
10 0 0
2 3 2
9 0 0
3 9 1
9 1 0
2 5 2
5 0 1
2 5 -1
-1097682387 1049801261
