153
-1063316815
5
14 2 0
21 16 0
13 2 0
7 7 1
18 13 0
14 8 0
10 3 0
23 3 0
16 12 0
23 13 0
-1080994728 1066488920
5
12 9 0
9 9 0
12 10 0
9 8 0
12 11 0
8 5 1
15 3 0
14 9 0
14 3 0
3 5 2
-1083655817 1063827831
5
5 12 0
8 4 1
11 8 0
4 4 1
7 12 0
3 4 1
6 12 0
9 9 0
8 11 0
9 9 -1
-1088985972 1058497676
5
9 2 0
1 2 0
8 2 0
1 3 0
4 1 1
5 8 1
10 3 0
1 4 0
6 13 0
1 16 0
-1089585331 1057898317
5
3 2 2
4 4 1
16 17 0
8 4 1
6 4 1
15 8 -1
17 12 0
1 16 -1
15 12 0
1 16 -1
-1090377860 1057105788
4
18 12 0
15 21 0
15 23 0
4 8 -1
8 6 1
10 14 -1
17 12 0
5 3 -1
-1092315916 1055167732
5
18 3 0
22 0 0
17 1 0
11 1 1
9 0 1
23 2 0
19 3 0
23 3 0
19 3 -1
23 4 0
-1092320103 1055163545
4
9 18 0
10 16 0
5 15 0
11 7 -1
5 14 0
2 12 -1
10 18 0
0 7 -1
-1090568612 1056915036
2
2 4 2
3 4 1
12 6 0
12 19 -1
-1092449635 1055034013
5
3 3 0
0 3 0
4 3 0
0 4 0
5 3 0
1 0 0
2 1 1
0 1 1
2 1 -1
0 2 0
-1092867538 1054616110
5
12 13 0
13 10 0
12 12 0
8 10 1
12 12 -1
7 7 1
8 1 -1
14 13 0
10 18 -1
9 4 1
-1093098233 1054385415
5
15 12 0
14 8 0
4 3 2
7 4 1
12 9 0
11 7 -1
14 10 0
2 5 -1
12 8 0
9 4 -1
-1093581124 1053902524
3
3 7 1
4 9 1
9 23 -1
4 7 1
7 15 -1
2 5 2
-1095973380 1051510268
3
5 3 2
23 23 0
17 23 0
2 16 -1
5 4 2
4 4 -1
-1096457668 1051025980
5
4 1 1
2 2 2
9 0 0
5 19 0
9 1 0
4 11 1
10 0 0
2 4 2
8 2 0
2 1 2
-1096946636 1050537012
5
8 23 0
8 8 0
3 9 1
2 15 -1
8 13 0
5 1 -1
4 8 1
3 1 -1
7 16 0
2 1 -1
-1096439739 1051043909
2
11 14 0
1 3 2
5 5 -1
9 13 0
-1098608070 1048875578
5
5 12 0
1 22 0
8 12 0
1 21 0
1 3 2
2 23 0
8 23 0
1 20 0
6 12 0
1 20 -1
-1097329611 1050154037
5
14 13 0
16 8 0
21 8 0
0 1 -1
19 20 0
14 23 -1
21 10 0
23 10 -1
20 7 0
1 20 -1
-1097373993 1050109655
5
15 3 0
18 2 0
16 3 0
19 2 0
13 3 0
18 1 0
14 3 0
9 1 1
14 3 -1
17 0 0
-1093882473 1053601175
2
17 14 0
9 4 1
9 4 -1
18 18 0
-1095431742 1052051906
2
21 17 0
12 17 0
20 21 0
3 10 -1
-1098151343 1049332305
2
2 10 1
4 10 1
1 4 2
1 5 -1
-1098405254 1049078394
5
7 2 0
5 0 0
8 2 0
5 1 0
4 0 1
4 2 0
9 2 0
6 0 0
9 2 -1
3 0 1
-1096881335 1050602313
2
2 3 2
3 4 1
5 5 -1
2 2 2
-1096834738 1050648910
5
0 0 2
20 21 0
0 1 2
20 20 0
0 3 1
19 23 0
0 4 1
20 19 0
0 4 -1
19 22 0
-1098606933 1048876715
2
9 8 1
14 15 0
18 16 0
6 16 -1
-1098272793 1049210855
3
3 3 2
8 4 1
4 3 2
9 11 -1
7 9 1
7 4 -1
-1101410645 1046073003
5
6 4 1
2 20 0
14 23 0
0 4 2
4 3 2
2 21 0
7 6 1
1 10 1
7 6 -1
3 23 0
-1099334982 1048148666
5
2 3 2
10 21 0
4 8 1
4 3 -1
8 13 0
0 0 -1
9 23 0
3 3 -1
10 23 0
3 23 -1
-1096825347 1050658301
3
11 6 0
14 7 0
10 5 0
6 9 1
11 5 0
1 5 -1
-1097947958 1049535690
5
11 11 0
9 4 1
11 12 0
13 9 0
11 10 0
13 10 0
11 13 0
13 11 0
6 6 1
4 2 -1
-1098407444 1049076204
2
2 3 2
3 4 1
4 6 1
11 7 -1
-1098013392 1049470256
2
1 4 2
8 15 0
2 11 0
8 15 -1
-1099798607 1047685041
5
12 10 0
0 13 0
12 11 0
0 2 2
13 13 0
0 12 0
12 12 0
1 5 0
12 12 -1
0 14 0
-1098377324 1049106324
5
0 4 1
2 2 2
0 3 2
3 4 1
0 11 0
3 4 -1
1 15 0
1 5 -1
1 13 0
0 14 -1
-1101568765 1045914883
2
4 12 0
1 2 2
11 10 -1
2 4 1
-1102856855 1044626793
5
18 15 0
22 20 0
8 7 1
23 16 0
9 8 1
21 23 0
9 10 1
22 19 0
9 7 1
11 9 1
-1098788780 1048694868
5
14 1 0
4 2 2
12 0 0
9 3 1
13 0 0
4 1 2
14 0 0
7 8 1
15 1 0
7 8 -1
-1099345893 1048137755
2
13 14 0
6 0 1
9 19 -1
10 2 0
-1101049846 1046433802
2
13 4 0
3 1 2
12 4 0
3 1 -1
-1098928631 1048555017
3
14 18 0
8 4 1
5 3 -1
7 8 1
5 4 -1
8 10 1
-1098233308 1049250340
2
8 6 1
9 4 1
18 11 0
1 0 -1
-1098687937 1048795711
2
16 9 0
7 4 1
11 7 0
7 4 -1
-1098109921 1049373727
5
23 13 0
7 9 0
11 4 1
4 2 2
23 12 0
8 4 1
11 7 1
15 8 0
23 10 0
15 8 -1
-1104440728 1043042920
2
6 1 0
4 1 0
3 0 1
1 2 -1
-1098735122 1048748526
2
5 7 0
6 9 0
5 6 1
4 11 -1
-1101809116 1045674532
4
5 8 1
23 0 0
6 6 1
0 2 -1
5 11 1
4 2 -1
5 6 0
5 1 -1
-1104700254 1042783394
2
18 13 0
15 11 0
4 3 -1
4 2 2
-1101395335 1046088313
2
4 8 1
9 15 0
0 0 -1
2 5 2
-1104566552 1042917096
5
15 0 0
4 4 2
15 1 0
4 5 2
16 1 0
8 4 1
14 0 0
8 11 1
14 0 -1
15 23 0
-1102804194 1044679454
4
12 14 0
8 2 1
11 22 -1
15 3 0
3 1 -1
7 1 1
14 0 -1
16 3 0
-1102049930 1045433718
2
5 6 1
2 4 1
12 17 -1
1 2 2
-1101844820 1045638828
5
13 5 0
10 13 0
12 6 0
3 8 0
12 5 0
10 11 0
7 14 0
1 3 1
7 14 -1
10 10 0
-1098646091 1048837557
2
4 15 0
4 16 0
4 0 -1
4 17 0
-1097391583 1050092065
5
1 4 1
4 3 1
4 0 1
9 4 -1
2 1 1
1 4 -1
1 1 2
5 5 -1
2 0 1
1 5 -1
-1102107665 1045375983
2
10 3 0
8 4 1
3 1 2
8 4 -1
-1102113880 1045369768
2
16 21 0
6 8 1
0 0 -1
8 4 1
-1101371171 1046112477
2
7 4 0
5 0 2
11 18 -1
7 2 0
-1104589902 1042893746
2
9 0 1
20 0 0
7 3 -1
10 1 1
-1104622141 1042861507
4
10 0 1
6 3 1
4 6 -1
15 5 0
1 8 -1
4 1 2
5 4 -1
14 5 0
-1104992062 1042491586
2
4 3 2
9 4 1
4 4 2
2 0 -1
-1104037117 1043446531
2
8 3 0
8 2 0
4 4 -1
6 1 0
-1104351665 1043131983
2
2 6 1
0 7 1
0 3 2
7 8 -1
-1105486298 1041997350
2
10 7 1
15 14 0
0 3 -1
4 4 2
-1103523381 1043960267
4
3 20 0
9 5 1
1 7 1
5 4 -1
2 18 0
5 18 -1
2 17 0
4 4 -1
-1102481321 1045002327
2
5 3 2
23 14 0
4 1 -1
23 13 0
-1103249902 1044233746
2
12 6 0
8 4 1
4 1 -1
4 4 1
-1100130508 1047353140
5
22 12 0
4 16 0
22 13 0
4 15 0
11 4 1
4 18 0
11 6 1
4 14 0
11 6 -1
3 11 1
-1102019815 1045463833
2
4 0 1
2 2 2
10 1 0
2 2 -1
-1104884873 1042598775
2
15 4 0
15 2 0
6 4 -1
4 1 2
-1101187975 1046295673
2
11 10 0
4 1 2
2 20 -1
9 2 1
-1102087336 1045396312
2
4 3 2
8 4 1
19 8 0
21 20 -1
-1103237776 1044245872
5
4 6 1
21 6 0
6 15 0
22 12 0
7 13 0
19 0 0
6 14 0
21 3 0
2 3 -1
10 2 1
-1103390264 1044093384
5
8 0 1
4 19 0
12 0 0
3 16 0
15 0 0
1 3 2
14 0 0
3 15 0
13 0 0
4 4 1
-1102255434 1045228214
2
3 2 2
8 4 1
3 3 2
4 1 -1
-1106166595 1041317053
4
0 10 1
12 3 0
0 9 1
4 1 2
0 11 -1
3 1 2
5 21 -1
11 3 0
-1104244325 1043239323
2
3 0 1
1 2 1
1 0 2
4 1 -1
-1105039645 1042444003
5
2 14 0
0 23 0
5 23 0
0 22 -1
1 7 1
7 4 -1
0 5 1
9 9 -1
1 9 1
11 3 -1
-1105030781 1042452867
2
8 7 1
8 8 1
9 1 -1
8 9 1
-1102937612 1044546036
2
11 11 1
3 14 0
9 3 -1
2 10 1
-1105771810 1041711838
4
2 8 1
8 7 0
4 20 0
2 4 -1
5 22 0
11 15 -1
4 16 0
3 4 -1
-1100515127 1046968521
3
1 2 0
0 1 0
2 1 0
0 0 0
3 0 0
15 11 -1
-1099621697 1047861951
2
12 6 0
4 2 2
22 7 -1
8 4 1
-1105065738 1042417910
3
13 19 0
3 5 2
0 10 -1
4 5 2
5 2 -1
6 9 1
-1104259592 1043224056
2
8 8 1
7 10 1
15 22 0
4 7 -1
-1104025381 1043458267
2
10 7 1
10 9 1
10 6 1
1 0 -1
-1105869997 1041613651
2
9 4 0
5 0 1
11 3 -1
9 1 0
-1106312997 1041170651
5
14 1 0
4 2 2
13 2 0
8 4 1
14 2 0
4 3 2
12 2 0
7 4 1
15 2 0
4 4 -1
-1104748635 1042735013
3
13 14 0
6 3 0
8 5 -1
8 2 0
2 8 -1
9 2 0
-1105974662 1041508986
3
3 7 1
3 5 1
6 4 1
8 2 -1
8 12 0
9 2 -1
-1103527038 1043956610
2
13 16 0
13 15 0
4 3 2
7 5 -1
-1106716251 1040767397
2
3 7 1
2 2 2
0 9 -1
8 4 1
-1102767660 1044715988
5
3 0 1
7 9 1
6 1 0
9 7 1
8 0 0
4 4 1
7 0 0
3 2 2
7 0 -1
4 2 2
-1105903613 1041580035
3
3 4 1
2 0 0
4 4 2
2 0 -1
16 6 0
2 1 -1
-1104945710 1042537938
2
0 1 2
5 2 1
0 0 2
5 2 -1
-1106980841 1040502807
2
9 7 1
4 2 2
3 20 -1
8 4 1
-1101751727 1045731921
2
8 10 0
9 10 0
21 18 -1
4 4 1
-1105551022 1041932626
2
6 6 1
10 11 0
13 23 -1
10 12 0
-1102836414 1044647234
5
10 9 0
21 18 0
9 13 0
21 20 0
5 6 1
21 19 0
10 10 0
10 11 1
10 10 -1
21 17 0
-1101335903 1046147745
2
8 7 1
8 4 1
8 6 1
1 4 -1
-1103223311 1044260337
2
11 14 0
13 13 0
4 7 -1
13 11 0
-1103316387 1044167261
2
4 4 2
12 16 0
4 5 2
5 2 -1
-1105438376 1042045272
3
1 3 2
0 7 1
3 9 -1
0 4 2
20 2 -1
0 13 0
-1106770659 1040712989
2
0 4 1
1 4 1
0 2 2
0 4 -1
-1103932017 1043551631
3
8 2 0
2 2 2
9 1 0
2 2 -1
11 2 0
0 13 -1
-1104652783 1042830865
2
1 23 0
3 1 2
10 5 -1
6 1 1
-1105734591 1041749057
4
13 8 0
1 9 1
6 6 -1
1 7 1
3 4 -1
1 8 1
4 2 -1
4 20 0
-1104797806 1042685842
5
11 9 0
7 8 0
4 16 0
11 11 -1
4 13 0
3 9 -1
10 12 0
17 0 -1
3 7 0
4 4 -1
-1103034987 1044448661
2
6 6 1
0 1 2
6 8 -1
0 2 2
-1104721930 1042761718
2
10 7 0
4 5 2
5 2 -1
13 9 0
-1105255035 1042228613
2
10 8 1
16 14 0
5 2 -1
4 5 2
-1106253840 1041229808
2
1 16 0
1 23 0
1 15 0
20 1 -1
-1103790500 1043693148
2
2 4 2
2 5 2
3 7 1
3 4 -1
-1106222463 1041261185
2
19 5 0
10 1 1
8 4 -1
10 3 1
-1106542620 1040941028
2
21 18 0
10 17 0
21 16 0
3 5 -1
-1104215376 1043268272
2
9 23 0
5 3 2
2 4 2
11 7 1
-1105050709 1042432939
2
7 3 0
3 1 1
0 2 -1
6 1 0
-1108117481 1039366167
4
5 8 0
6 8 0
9 12 0
5 4 -1
8 13 0
2 7 -1
9 18 0
5 11 -1
-1106129312 1041354336
2
7 0 0
5 3 1
2 0 2
5 4 -1
-1106654932 1040828716
2
11 12 0
9 14 0
11 13 0
1 3 -1
-1103363772 1044119876
5
8 11 1
3 4 0
16 13 0
3 2 0
9 8 1
3 1 0
4 4 2
3 3 0
15 12 0
4 0 0
-1105985428 1041498220
2
9 7 1
19 17 0
5 6 -1
8 11 1
-1106384744 1041098904
5
14 2 0
20 14 0
15 2 0
9 2 1
12 2 0
19 5 0
13 2 0
20 15 0
13 2 -1
4 1 2
-1105223150 1042260498
2
18 20 0
4 2 2
8 7 1
9 2 -1
-1105779237 1041704411
2
6 11 1
13 20 0
3 5 2
19 20 -1
-1106486103 1040997545
3
12 20 0
11 21 0
11 20 0
12 21 0
3 5 -1
6 10 1
-1099829281 1047654367
2
3 7 1
3 4 1
6 14 0
13 8 -1
-1097539385 1049944263
2
0 5 2
2 8 1
0 9 1
11 6 -1
-1104569218 1042914430
2
2 5 1
0 6 1
2 5 -1
0 3 2
-1104649435 1042834213
2
11 5 1
8 11 0
23 9 0
2 0 -1
-1105998412 1041485236
2
11 12 0
11 10 1
23 9 -1
22 21 0
-1106029086 1041454562
2
12 7 0
5 7 1
12 7 -1
4 10 1
-1105773125 1041710523
2
9 18 0
5 8 1
8 1 -1
4 10 1
-1102554388 1044929260
2
16 11 0
15 9 0
17 11 0
2 4 -1
-1099461171 1048022477
2
0 3 2
9 6 1
1 0 -1
10 5 1
-1104549392 1042934256
2
13 20 0
2 6 1
13 21 -1
2 5 1
-1105845001 1041638647
5
20 17 0
8 10 1
20 16 0
11 15 -1
4 5 2
5 11 -1
18 22 0
6 10 -1
19 20 0
2 1 -1
-1102028819 1045454829
2
11 4 0
8 4 1
11 4 -1
4 4 1
-1101398926 1046084722
3
6 8 1
11 19 0
5 10 1
8 2 -1
6 10 1
22 15 -1
-1104508360 1042975288
3
5 7 1
11 8 1
2 10 -1
11 9 1
13 10 -1
23 14 0
-1106375985 1041107663
5
3 7 1
11 14 0
6 14 -1
0 12 0
1 1 -1
1 18 0
5 9 -1
5 5 1
10 2 -1
1 19 0
-1106968609 1040515039
3
21 16 0
5 9 1
21 17 0
5 9 -1
10 10 1
1 18 -1
-1106762771 1040720877
2
6 6 1
20 7 0
21 17 -1
10 4 1
-1103809365 1043674283
2
10 0 1
6 2 1
11 0 -1
13 4 0
-1106514234 1040969414
4
4 3 2
21 0 0
4 4 2
2 0 -1
7 10 1
15 0 -1
9 3 1
5 2 -1
-1107267003 1040216645
3
11 7 1
23 23 0
11 6 1
4 5 -1
11 9 1
9 6 -1
-1104457404 1043026244
2
14 1 0
8 4 1
15 1 0
4 2 2
-1104930542 1042553106
5
11 11 1
10 10 1
23 22 0
9 11 1
11 10 1
19 20 0
23 21 0
10 9 1
23 20 0
10 9 -1
-1102952669 1044530979
2
7 13 0
8 4 1
23 22 -1
4 4 1
-1102977271 1044506377
2
12 19 0
11 22 0
1 0 -1
12 17 0
-1105086024 1042397624
2
10 4 1
5 2 2
8 3 -1
23 7 0
-1105802486 1041681162
2
9 6 1
8 4 1
10 20 -1
8 6 1
-1104852199 1042631449
