61
-1062754627
5
8 3 0
3 4 1
8 6 1
9 8 0
11 5 0
14 8 0
15 3 0
8 7 0
6 4 1
4 2 2
-1078532887 1068950761
5
11 3 0
0 13 0
12 3 0
0 1 1
10 2 0
5 8 1
6 13 0
2 5 2
9 2 0
2 2 2
-1084492937 1062990711
5
11 9 0
4 5 1
5 13 0
15 8 0
11 10 0
9 9 0
11 11 0
3 4 1
4 6 1
3 4 -1
-1085931638 1061552010
5
15 1 0
23 4 0
16 2 0
23 0 0
8 0 1
23 2 0
17 2 0
23 3 0
17 2 -1
23 1 0
-1087944644 1059539004
4
9 7 1
9 4 1
18 13 0
7 10 1
17 13 0
4 2 2
18 14 0
8 4 1
-1088400837 1059082811
5
12 6 0
13 16 0
11 5 0
8 4 1
12 14 0
14 7 0
12 5 0
7 4 1
6 3 1
7 4 -1
-1090130174 1057353474
5
12 7 0
16 8 0
6 12 0
4 4 1
3 7 1
4 4 -1
7 11 0
4 4 -1
12 8 0
7 4 -1
-1090571711 1056911937
5
6 2 0
1 0 0
4 3 0
0 3 0
5 2 0
1 1 0
3 0 1
0 1 1
3 0 -1
0 2 0
-1090810335 1056673313
2
15 11 0
14 9 0
9 6 1
5 11 -1
-1091014981 1056468667
5
10 7 1
23 21 0
19 20 0
22 23 0
19 14 0
11 9 1
10 6 1
23 20 0
20 12 0
23 20 -1
-1090832168 1056651480
5
1 8 0
3 4 1
1 6 1
3 4 -1
5 6 1
3 2 -1
1 9 0
2 5 -1
1 4 2
5 4 -1
-1093450865 1054032783
5
13 2 0
3 2 2
12 2 0
6 9 1
3 0 2
8 4 1
11 1 0
4 4 1
11 2 0
3 5 -1
-1091892040 1055591608
3
12 11 0
2 6 0
12 12 0
1 1 2
6 9 -1
9 14 0
-1091680610 1055803038
5
6 4 1
8 4 1
3 2 2
10 10 -1
17 14 0
21 11 -1
16 23 0
5 0 -1
16 13 0
1 0 -1
-1093271844 1054211804
5
5 15 0
1 5 2
6 14 0
0 8 1
1 4 2
0 7 1
3 7 1
1 18 0
3 7 -1
1 17 0
-1092675276 1054808372
4
6 6 1
14 12 0
12 12 -1
13 10 0
5 2 -1
13 9 0
3 7 -1
7 8 1
-1093579265 1053904383
2
3 7 1
3 4 1
6 15 0
3 2 -1
-1091878625 1055605023
4
11 18 0
11 16 0
10 18 0
17 4 -1
12 18 0
4 4 -1
2 3 2
16 21 -1
-1090992848 1056490800
5
9 4 0
2 1 2
8 4 0
2 2 2
8 4 -1
4 10 1
5 2 -1
4 5 1
2 3 -1
2 4 2
-1094835549 1052648099
4
8 7 1
14 21 0
18 16 0
3 1 -1
14 23 0
1 9 -1
18 15 0
0 3 -1
-1094228367 1053255281
2
12 9 0
8 4 1
3 5 2
1 4 -1
-1096803220 1050680428
2
9 1 1
19 1 0
9 1 -1
20 2 0
-1093832023 1053651625
3
10 6 1
22 13 0
10 6 -1
21 18 0
10 8 -1
22 12 0
-1095986559 1051497089
2
2 4 2
2 5 2
2 1 -1
4 4 1
-1095435731 1052047917
5
21 19 0
11 17 0
21 17 0
21 1 -1
21 18 0
6 10 -1
21 15 0
1 0 -1
21 16 0
21 2 -1
-1094399779 1053083869
5
7 23 0
21 23 0
3 13 0
22 21 0
4 14 0
22 20 0
4 16 0
22 19 0
4 13 0
22 19 -1
-1098274123 1049209525
2
11 6 0
8 4 1
8 6 1
4 2 -1
-1095551523 1051932125
5
23 8 0
4 3 1
23 12 0
4 8 1
11 6 1
3 4 1
23 11 0
8 4 1
23 10 0
8 4 -1
-1097810017 1049673631
5
8 2 0
5 1 0
9 1 0
5 0 0
4 0 1
6 0 0
7 2 0
4 2 0
10 1 0
4 1 -1
-1094739789 1052743859
2
12 13 0
15 15 0
2 6 -1
9 4 1
-1096494835 1050988813
2
2 4 2
3 4 1
4 9 1
13 1 -1
-1098756811 1048726837
3
3 10 1
4 10 1
6 22 0
2 4 -1
2 4 2
1 3 -1
-1096037022 1051446626
2
1 9 0
0 23 0
0 7 1
0 22 0
-1098328262 1049155386
2
8 0 0
4 8 1
7 1 0
4 8 -1
-1097457940 1050025708
5
7 8 1
1 1 0
4 4 2
0 0 2
4 5 2
2 0 0
6 5 1
0 2 1
3 3 2
0 4 -1
-1099547747 1047935901
3
10 6 1
5 4 2
4 1 -1
23 13 0
4 5 -1
22 7 0
-1099884938 1047598710
2
2 6 1
6 9 0
2 5 1
0 2 -1
-1098377639 1049106009
5
0 5 2
5 8 1
1 18 0
9 7 0
1 19 0
4 3 1
0 16 0
8 7 0
0 6 1
8 7 -1
-1100292099 1047191549
2
13 23 0
7 8 0
12 23 0
6 10 -1
-1098206636 1049277012
2
14 12 0
18 8 0
19 8 0
5 11 -1
-1099980173 1047503475
5
2 3 2
0 21 0
8 23 0
0 20 0
6 14 0
0 5 2
4 6 1
0 19 0
4 9 1
1 23 0
-1099143768 1048339880
2
11 4 0
3 1 2
22 14 -1
8 4 1
-1097417030 1050066618
5
1 6 1
21 14 0
1 8 1
21 16 0
0 3 2
19 23 0
1 12 0
10 9 1
1 7 1
10 9 -1
-1099525316 1047958332
2
10 23 0
10 21 0
3 2 2
3 5 -1
-1097130465 1050353183
2
9 7 1
9 11 1
9 0 -1
9 10 1
-1098288227 1049195421
5
23 18 0
3 15 0
11 10 1
3 16 0
23 19 0
2 10 1
23 20 0
3 17 0
23 16 0
2 9 -1
-1098940676 1048542972
2
9 7 1
7 8 1
14 18 0
10 8 -1
-1098774410 1048709238
2
12 6 0
8 4 1
5 4 -1
4 2 2
-1097265853 1050217795
2
4 13 0
4 17 0
5 4 -1
4 19 0
-1099637064 1047846584
3
2 11 1
7 8 1
3 17 0
7 8 -1
3 19 0
4 5 -1
-1098802381 1048681267
2
6 6 1
2 4 1
6 5 -1
9 12 0
-1098906340 1048577308
5
8 18 0
23 13 0
8 13 0
11 6 1
9 12 0
23 14 0
2 3 2
11 7 1
2 3 -1
11 8 1
-1100282865 1047200783
2
9 6 1
4 2 2
11 13 -1
8 4 1
-1098819988 1048663660
2
8 0 1
9 6 1
10 6 1
4 7 -1
-1100000304 1047483344
3
3 8 1
2 15 0
10 6 -1
2 16 0
9 0 -1
2 9 1
-1102365389 1045118259
3
14 2 0
17 0 0
15 2 0
17 1 0
0 5 -1
18 2 0
-1096927951 1050555697
2
11 14 0
10 12 0
5 1 -1
9 14 0
-1098608836 1048874812
2
8 7 1
8 4 1
8 8 1
4 4 -1
-1097355790 1050127858
5
0 19 0
4 4 1
0 18 0
8 15 0
0 10 1
2 5 2
0 5 2
4 10 1
0 20 0
4 10 -1
-1099185074 1048298574
2
7 13 0
4 4 1
0 18 -1
3 4 1
-1098856626 1048627022
5
23 16 0
13 6 0
22 13 0
7 3 1
22 7 0
15 7 0
11 6 1
14 6 0
22 14 0
14 6 -1
-1098446950 1049036698
