203
-1063739087
5
12 9 0
1 5 2
5 13 0
0 3 0
14 3 0
5 8 1
9 1 0
14 8 0
7 3 0
9 9 0
-1080872371 1066611277
5
14 2 0
7 8 1
13 2 0
22 15 0
11 4 0
8 11 1
17 13 0
23 12 0
12 3 0
22 3 0
-1087424024 1060059624
5
9 4 0
4 4 1
11 8 0
8 4 1
11 7 0
14 8 0
11 9 0
9 8 0
16 12 0
9 8 -1
-1087775884 1059707764
5
6 11 0
8 4 1
12 7 0
4 4 1
12 8 0
4 4 -1
8 10 0
4 11 -1
3 2 2
0 0 -1
-1090893677 1056589971
5
19 3 0
21 1 0
17 2 0
21 2 0
18 3 0
10 0 1
9 1 1
22 4 0
9 1 -1
22 3 0
-1092975305 1054508343
2
4 4 2
8 4 1
7 6 1
7 10 1
-1093008442 1054475206
5
14 18 0
13 16 0
17 15 0
19 4 -1
17 16 0
5 1 -1
13 18 0
20 19 -1
12 18 0
6 0 -1
-1091136936 1056346712
5
6 15 0
3 4 1
7 23 0
14 11 -1
4 6 1
14 11 -1
5 12 0
6 9 -1
5 16 0
6 0 -1
-1093566256 1053917392
5
16 2 0
3 4 1
9 2 0
4 11 1
6 5 1
2 2 2
3 3 2
5 8 1
11 2 0
5 8 -1
-1096768840 1050714808
5
6 14 0
0 7 1
1 4 2
0 8 1
5 15 0
1 18 0
3 7 1
1 17 0
3 7 -1
1 5 2
-1096089544 1051394104
5
12 14 0
7 7 1
12 14 -1
7 8 1
9 0 -1
14 13 0
5 3 -1
8 10 1
3 7 -1
13 10 0
-1094239569 1053244079
2
3 7 1
2 5 2
4 9 -1
4 4 1
-1093311806 1054171842
3
10 7 1
21 23 0
21 11 0
9 5 -1
17 23 0
3 5 -1
-1096603772 1050879876
5
8 2 0
4 8 1
11 0 0
5 4 1
9 1 0
6 18 0
10 1 0
4 7 1
11 2 0
3 4 -1
-1097373638 1050110010
5
20 20 0
8 4 1
22 9 0
20 3 -1
3 4 2
8 6 -1
19 22 0
3 4 -1
10 3 1
2 3 -1
-1096525074 1050958574
2
4 8 1
9 15 0
4 7 1
2 5 -1
-1098150378 1049333270
2
11 13 0
20 1 0
13 4 -1
21 4 0
-1099228588 1048255060
5
1 0 2
1 0 1
2 2 1
2 0 0
7 3 0
1 4 0
6 3 0
1 3 0
8 3 0
1 3 -1
-1097858529 1049625119
2
3 9 0
6 9 0
10 11 0
3 2 -1
-1097130530 1050353118
5
12 10 0
10 10 0
12 11 0
2 4 1
12 13 0
1 2 2
12 12 0
10 11 0
6 6 -1
10 9 0
-1096244283 1051239365
5
16 11 0
14 9 0
18 12 0
0 3 -1
11 8 0
19 14 -1
17 12 0
0 8 -1
15 11 0
10 9 -1
-1095748379 1051735269
4
5 21 0
8 20 0
9 18 0
4 3 -1
5 20 0
3 4 -1
8 23 0
1 3 -1
-1097408039 1050075609
2
2 3 2
3 4 1
3 2 2
12 23 -1
-1097597197 1049886451
5
0 2 2
8 9 1
1 16 0
4 3 2
1 14 0
9 4 1
1 13 0
4 2 2
1 12 0
7 9 1
-1102603969 1044879679
2
4 3 2
4 2 2
9 7 -1
9 4 1
-1101081290 1046402358
5
15 3 0
1 5 0
16 3 0
2 3 0
17 3 0
2 2 0
15 18 0
1 6 0
8 1 1
3 0 0
-1098588242 1048895406
2
4 4 2
15 15 0
17 14 0
7 10 -1
-1098266990 1049216658
3
14 3 0
4 3 2
12 13 -1
17 19 0
3 3 -1
4 4 2
-1101388706 1046094942
4
4 9 1
12 18 0
5 6 1
17 19 -1
12 19 0
4 4 -1
2 4 2
4 4 -1
-1100140381 1047343267
5
10 7 1
11 9 1
19 14 0
23 15 0
20 13 0
23 13 0
20 14 0
23 16 0
19 13 -1
23 14 0
-1097905841 1049577807
4
0 5 1
0 23 0
0 6 1
3 5 -1
0 5 2
3 5 -1
2 14 0
17 9 -1
-1101276674 1046206974
2
15 23 0
9 4 1
4 5 2
3 4 -1
-1100034482 1047449166
4
6 3 1
11 21 0
5 3 1
1 3 -1
10 23 0
1 5 -1
12 23 0
4 5 -1
-1099104857 1048378791
2
5 9 1
4 4 1
2 4 2
9 2 -1
-1100892060 1046591588
5
23 14 0
6 9 1
23 9 0
13 6 0
23 13 0
7 3 1
23 11 0
8 3 1
23 12 0
8 3 -1
-1100437426 1047046222
2
10 4 0
3 1 2
3 5 -1
8 3 1
-1098626844 1048856804
2
3 4 2
12 16 0
12 18 0
0 3 -1
-1101777903 1045705745
2
16 4 0
16 1 0
2 4 -1
4 0 2
-1103370581 1044113067
2
3 7 1
5 19 0
4 1 -1
3 9 1
-1100030673 1047452975
4
20 2 0
11 0 1
19 0 0
5 0 2
20 1 0
23 1 0
21 3 0
11 1 1
-1096319605 1051164043
2
12 7 0
8 3 1
13 5 0
5 5 -1
-1099565739 1047917909
5
22 20 0
2 4 1
21 22 0
3 5 2
22 18 0
3 4 1
22 19 0
15 7 0
22 16 0
15 7 -1
-1102220704 1045262944
3
15 1 0
17 1 0
14 1 0
18 2 0
14 1 -1
16 1 0
-1099565668 1047917980
4
17 2 0
7 11 1
16 1 0
4 2 2
16 0 0
2 1 -1
15 0 0
11 4 -1
-1099073096 1048410552
4
18 14 0
19 16 0
0 6 -1
19 19 0
0 5 -1
19 17 0
0 4 -1
19 18 0
-1098640784 1048842864
4
11 14 0
11 17 0
5 1 -1
8 14 0
5 4 -1
2 1 2
0 4 -1
15 9 0
-1099134241 1048349407
2
4 19 0
10 15 0
5 21 0
2 4 -1
-1103688602 1043795046
2
6 4 1
3 4 1
4 6 1
3 5 -1
-1102015516 1045468132
2
2 1 2
7 1 1
7 13 0
2 4 -1
-1104511050 1042972598
4
15 23 0
0 0 0
10 3 1
4 2 -1
4 1 2
1 0 -1
7 7 1
1 -1900147915 -1
-1105105082 1042378566
2
7 12 0
2 2 2
2 11 -1
4 5 1
-1102014807 1045468841
5
0 9 0
9 7 0
0 4 1
4 4 1
0 3 2
2 2 2
1 2 1
16 8 0
0 6 1
16 8 -1
-1101989732 1045493916
5
18 12 0
4 23 0
4 5 2
3 19 0
9 6 1
3 21 0
4 3 2
2 16 0
4 4 -1
3 18 0
-1103655386 1043828262
2
6 14 0
3 4 1
6 13 0
10 7 -1
-1101090252 1046393396
5
3 8 1
20 4 0
4 11 1
18 0 0
4 7 1
19 2 0
2 4 2
20 3 0
2 4 -1
19 1 0
-1103088877 1044394771
5
17 2 0
3 2 2
12 0 0
15 9 0
14 0 0
3 7 1
8 0 1
2 2 2
16 0 0
2 2 -1
-1103047343 1044436305
5
11 10 0
13 9 0
10 12 0
13 11 0
11 11 0
20 8 0
11 12 0
10 4 1
11 12 -1
13 10 0
-1102773978 1044709670
2
8 7 1
8 4 1
16 13 0
13 11 -1
-1098504265 1048979383
2
6 20 0
3 10 1
7 3 -1
4 10 1
-1104545648 1042938000
3
13 9 0
1 5 2
10 3 -1
3 16 0
17 5 -1
1 6 1
-1105779944 1041703704
2
0 5 2
8 14 0
0 5 -1
3 10 1
-1104064244 1043419404
4
11 2 0
4 5 1
9 2 0
4 5 -1
12 2 0
4 0 -1
10 2 0
10 16 -1
-1101865430 1045618218
3
7 2 1
4 3 0
9 2 -1
7 1 0
12 2 -1
2 0 2
-1105039325 1042444323
2
2 3 2
7 6 1
4 12 0
4 5 2
-1104895984 1042587664
4
12 12 0
1 13 0
12 11 0
0 3 2
6 21 -1
0 6 1
3 7 -1
0 5 1
-1102430187 1045053461
3
3 21 0
11 17 0
1 8 1
20 17 -1
3 18 0
0 6 -1
-1101385678 1046097970
2
2 3 2
2 4 1
8 12 0
20 17 -1
-1102941750 1044541898
5
2 10 1
0 21 0
3 14 0
0 20 0
4 14 0
1 23 0
3 15 0
0 19 0
2 13 0
0 19 -1
-1101910113 1045573535
2
2 7 1
3 4 1
15 4 -1
8 14 0
-1104951495 1042532153
5
19 8 0
8 4 1
14 12 0
0 1 -1
12 10 0
12 12 -1
15 16 0
4 2 -1
4 2 2
0 19 -1
-1103805693 1043677955
2
18 15 0
8 9 1
9 3 -1
15 14 0
-1103013039 1044470609
5
4 9 1
11 0 1
2 4 2
23 2 0
3 3 1
23 3 0
4 8 1
11 1 1
9 23 0
11 1 -1
-1105515147 1041968501
2
6 1 0
3 10 1
7 1 0
4 5 -1
-1102882027 1044601621
4
11 12 0
3 0 2
9 15 -1
12 3 0
8 13 -1
14 3 0
5 3 -1
13 3 0
-1104287054 1043196594
2
11 6 0
8 4 1
11 5 0
11 20 -1
-1101729342 1045754306
5
21 18 0
2 5 1
20 21 0
5 12 0
21 17 0
4 11 0
21 19 0
4 10 0
21 19 -1
5 10 0
-1102484774 1044998874
5
1 10 0
11 10 1
1 11 0
23 20 0
1 7 0
23 21 0
1 9 0
23 19 0
1 8 0
23 19 -1
-1104736781 1042746867
5
7 14 0
1 2 2
8 13 0
10 13 0
7 13 -1
2 4 1
3 2 -1
2 16 0
1 2 -1
10 12 0
-1101198303 1046285345
2
17 12 0
8 4 1
18 12 0
8 4 -1
-1097593074 1049890574
2
17 5 0
4 0 2
0 20 -1
9 2 1
-1105071218 1042412430
5
22 16 0
16 15 0
22 15 0
15 8 0
22 14 0
7 4 1
11 6 1
9 10 1
23 13 0
9 10 -1
-1105783897 1041699751
2
13 3 0
8 4 1
3 1 2
3 2 -1
-1103563872 1043919776
2
5 4 1
6 4 1
6 1 -1
3 2 2
-1103724470 1043759178
3
4 6 1
10 9 0
2 3 2
0 4 -1
6 4 1
4 3 -1
-1104541841 1042941807
4
2 4 2
9 21 0
8 23 0
4 5 -1
4 7 1
11 16 -1
10 23 0
9 0 -1
-1105102341 1042381307
2
6 13 0
8 11 0
3 0 -1
2 2 2
-1103996009 1043487639
2
3 1 1
3 0 1
3 4 -1
5 1 0
-1106106649 1041376999
2
7 0 0
2 1 2
2 0 2
10 6 0
-1104304009 1043179639
2
10 7 1
21 15 0
2 0 -1
5 4 2
-1105707707 1041775941
2
1 10 0
0 13 0
1 9 0
3 11 -1
-1105393284 1042090364
2
11 13 0
3 4 1
9 0 -1
3 3 1
-1104937620 1042546028
5
14 12 0
9 4 0
13 10 0
8 4 0
13 11 0
4 2 1
14 13 0
5 2 1
14 13 -1
7 4 0
-1102407950 1045075698
3
2 2 0
0 0 1
4 0 0
7 3 -1
1 0 1
4 2 -1
-1103963859 1043519789
2
11 5 0
8 4 1
4 0 -1
6 9 1
-1103640592 1043843056
3
0 20 0
12 3 0
0 2 -1
3 1 2
0 4 -1
10 3 0
-1102957218 1044526430
5
5 0 1
4 14 0
11 0 0
5 0 0
10 0 0
5 2 0
13 2 0
4 6 0
13 2 -1
5 1 0
-1104503206 1042980442
2
2 3 2
3 4 1
4 6 1
11 1 -1
-1102468770 1045014878
2
14 19 0
7 10 1
-1715597992 9 -1
14 17 0
-1100103961 1047379687
2
11 9 0
1 2 2
1 0 -1
12 10 0
-1104997879 1042485769
2
17 13 0
8 4 1
9 17 -1
4 4 1
-1104467858 1043015790
2
0 1 1
18 14 0
7 9 -1
4 2 2
-1104350948 1043132700
2
14 23 0
4 5 2
7 9 -1
8 10 1
-1103148646 1044335002
2
8 17 0
3 0 0
7 9 -1
2 3 0
-1106953075 1040530573
2
13 20 0
5 21 0
4 1 -1
3 17 0
-1106758755 1040724893
3
0 3 2
10 6 0
0 6 1
8 4 -1
1 15 0
3 2 -1
-1107172621 1040311027
2
8 18 0
5 8 1
8 8 -1
4 10 1
-1103465228 1044018420
2
6 2 1
8 4 1
5 2 1
9 3 -1
-1103061552 1044422096
2
6 11 1
13 19 0
3 5 2
3 2 -1
-1105076204 1042407444
2
4 1 2
3 1 1
6 11 -1
2 0 2
-1106942910 1040540738
2
9 10 1
8 10 1
4 5 2
4 4 -1
-1103690755 1043792893
2
12 11 0
0 6 1
12 20 -1
0 10 0
-1104555173 1042928475
2
7 2 0
2 2 2
12 20 -1
2 3 2
-1107420108 1040063540
2
0 5 1
10 3 0
15 21 -1
9 3 1
-1106855879 1040627769
2
15 1 0
19 0 0
9 0 1
3 3 -1
-1103898257 1043585391
2
21 13 0
23 23 0
5 5 2
6 5 -1
-1106092067 1041391581
2
5 3 2
9 6 1
8 1 -1
9 5 1
-1106613257 1040870391
2
2 7 1
5 23 0
2 7 -1
3 17 0
-1102023565 1045460083
2
11 6 0
2 2 2
3 4 -1
4 4 1
-1107177676 1040305972
3
14 20 0
11 7 1
0 3 -1
11 9 1
17 21 -1
11 10 1
-1107038087 1040445561
5
11 10 1
8 4 1
11 11 1
3 5 2
23 21 0
6 11 1
23 20 0
7 11 1
12 12 0
7 11 -1
-1106332251 1041151397
2
11 11 0
9 2 1
11 10 0
3 5 -1
-1103900802 1043582846
2
12 19 0
12 18 0
14 19 0
13 17 -1
-1106904037 1040579611
5
13 0 0
4 3 2
14 0 0
8 4 1
12 1 0
4 2 2
15 1 0
7 5 1
14 1 0
7 5 -1
-1104250227 1043233421
2
17 10 0
4 2 2
5 2 -1
9 3 1
-1105878017 1041605631
2
18 6 0
8 4 1
10 10 -1
4 2 2
-1106499788 1040983860
5
8 6 1
3 0 1
18 12 0
4 2 0
8 9 1
3 3 0
4 4 2
5 1 0
16 13 0
5 1 -1
-1107375643 1040108005
2
3 2 2
8 4 1
6 4 1
0 0 -1
-1104154468 1043329180
2
0 4 2
4 14 0
0 5 -1
2 7 1
-1106184769 1041298879
4
3 11 0
1 11 0
4 12 0
2 14 0
4 12 -1
1 12 0
3 2 -1
2 16 0
-1103927227 1043556421
2
6 11 0
3 4 1
0 0 -1
4 5 1
-1104501423 1042982225
2
3 21 0
3 10 1
2 11 1
2 0 -1
-1106240469 1041243179
3
10 2 0
7 10 0
3 0 2
16 4 -1
13 2 0
1 1 -1
-1107240441 1040243207
2
6 2 1
6 1 1
12 5 0
18 19 -1
-1106178821 1041304827
2
3 0 1
11 5 0
16 16 -1
2 1 2
-1106149932 1041333716
2
11 13 0
1 22 0
10 1 -1
1 21 0
-1105198791 1042284857
2
11 18 0
5 9 1
10 18 0
8 0 -1
-1105330291 1042153357
2
3 20 0
8 5 1
2 18 0
3 1 -1
-1108519927 1038963721
2
14 17 0
14 15 0
2 1 -1
13 15 0
-1106337437 1041146211
2
3 2 2
8 4 1
4 3 2
3 0 -1
-1104879699 1042603949
5
8 6 1
5 3 2
18 11 0
13 11 0
18 11 -1
5 0 2
8 7 -1
11 8 1
7 9 -1
5 2 2
-1105306881 1042176767
5
12 15 0
8 17 0
0 0 -1
7 12 0
5 4 -1
4 9 1
4 0 -1
16 10 0
7 9 -1
6 12 0
-1106180669 1041302979
2
6 14 0
5 9 1
7 1 -1
4 4 1
-1102069701 1045413947
4
8 4 0
2 0 2
0 4 -1
4 1 1
22 23 -1
2 2 2
4 0 -1
5 9 1
-1109218533 1038265115
5
9 0 1
4 2 2
9 1 1
16 11 0
10 1 1
16 11 -1
10 2 1
16 11 -1
8 0 1
6 12 -1
-1111682948 1035800700
2
6 6 1
0 3 1
6 5 1
4 2 -1
-1108444355 1039039293
3
10 5 1
11 7 1
3 9 -1
23 12 0
4 8 -1
23 11 0
-1104265765 1043217883
3
13 19 0
13 20 0
12 19 0
5 15 -1
7 10 1
19 22 -1
-1107108387 1040375261
2
12 12 0
9 4 1
12 13 0
10 4 -1
-1102624291 1044859357
2
0 1 2
2 2 2
12 13 -1
7 13 0
-1106326474 1041157174
2
10 8 1
19 23 0
10 9 1
7 13 -1
-1106489975 1040993673
4
8 11 0
2 6 0
7 12 0
5 6 1
23 4 -1
1 2 1
15 21 -1
10 13 0
-1105980711 1041502937
2
10 3 0
2 2 2
9 3 0
3 4 -1
-1104509797 1042973851
2
5 3 2
3 1 2
2 4 -1
6 2 1
-1106049223 1041434425
2
7 20 0
2 5 2
11 16 -1
4 20 0
-1105220218 1042263430
2
9 7 1
8 4 1
7 5 -1
4 2 2
-1105002073 1042481575
2
4 11 1
5 3 2
2 3 2
5 5 -1
-1108056760 1039426888
2
11 11 1
4 12 0
3 5 -1
1 3 2
-1107471352 1040012296
2
9 6 1
10 9 1
11 4 -1
20 18 0
-1107844685 1039638963
5
2 15 0
15 11 0
2 13 0
8 6 1
2 16 0
9 5 1
2 14 0
8 5 1
1 7 1
4 4 -1
-1107179587 1040304061
2
12 5 0
3 7 1
2 5 -1
2 2 2
-1107532516 1039951132
2
5 1 2
10 3 1
11 3 1
10 3 -1
-1106963183 1040520465
2
17 13 0
6 9 1
11 18 -1
9 4 1
-1106947156 1040536492
5
5 14 0
4 0 2
1 4 2
9 1 1
2 9 1
18 1 0
5 15 0
16 0 0
6 23 0
17 0 0
-1107927417 1039556231
2
16 0 0
23 5 0
17 0 0
23 4 -1
-1105448225 1042035423
2
13 20 0
5 12 0
8 6 -1
6 10 1
-1108999842 1038483806
2
6 15 0
6 16 0
15 0 -1
3 4 1
-1104909338 1042574310
2
18 7 0
18 9 0
20 8 0
11 14 -1
-1106243542 1041240106
2
9 12 0
3 4 1
4 6 1
15 4 -1
-1106596495 1040887153
2
0 5 1
5 2 1
0 2 2
5 2 -1
-1106335312 1041148336
2
5 1 1
15 1 0
20 20 -1
17 2 0
-1107106587 1040377061
2
7 16 0
4 10 1
2 4 2
0 6 -1
-1108342175 1039141473
2
3 5 1
1 10 1
8 0 -1
1 18 0
-1108591549 1038892099
2
22 3 0
23 4 0
0 0 -1
11 1 1
-1106582765 1040900883
3
19 21 0
3 5 2
10 8 1
6 11 -1
20 18 0
20 14 -1
-1106849215 1040634433
4
2 7 1
9 8 0
1 4 2
19 11 -1
6 23 0
20 9 -1
5 22 0
4 2 -1
-1106460826 1041022822
2
3 2 2
12 21 0
6 11 1
10 9 -1
-1110406700 1037076948
4
6 6 1
0 5 1
0 1 -1
0 8 0
2 4 -1
0 9 0
2 1 -1
0 4 1
-1105797474 1041686174
5
3 0 2
7 7 1
13 3 0
20 2 0
6 1 1
16 19 0
11 1 0
4 2 2
9 2 0
7 6 1
-1107029923 1040453725
4
7 7 0
7 8 0
5 7 0
1 4 -1
2 4 2
21 11 -1
6 11 1
0 3 -1
-1106966195 1040517453
2
2 3 2
8 3 1
2 2 2
9 11 -1
-1108257370 1039226278
2
7 3 1
4 2 1
13 5 0
3 2 -1
-1104819541 1042664107
4
3 0 2
8 4 1
12 1 0
9 1 -1
13 1 0
13 16 -1
11 1 0
0 3 -1
-1103319592 1044164056
2
10 4 0
5 1 1
1 14 -1
10 2 0
-1103410013 1044073635
2
11 21 0
10 19 0
12 21 0
11 19 0
-1102666294 1044817354
2
8 6 1
4 2 2
12 21 -1
8 4 1
-1106320745 1041162903
2
11 19 0
6 9 1
7 0 -1
5 11 1
-1103775233 1043708415
5
11 10 0
7 10 0
11 12 0
13 6 0
11 11 0
6 3 1
10 13 0
12 6 0
10 13 -1
7 11 0
-1104355437 1043128211
2
12 6 0
4 4 1
11 12 -1
8 4 1
-1104465963 1043017685
5
16 1 0
13 5 0
15 0 0
7 4 1
16 0 0
6 3 1
15 1 0
12 6 0
17 1 0
12 6 -1
-1103268532 1044215116
2
2 1 2
1 1 2
3 3 1
5 3 -1
-1109219664 1038263984
2
6 13 0
4 4 1
3 6 1
9 4 -1
-1107240398 1040243250
2
0 4 1
4 3 2
3 3 -1
8 6 1
-1107338951 1040144697
2
6 2 0
5 7 1
3 1 1
5 21 -1
-1110796395 1036687253
2
8 0 1
19 1 0
4 0 -1
17 0 0
-1106292051 1041191597
4
8 6 1
0 6 1
11 1 -1
10 12 0
5 1 -1
10 13 0
0 22 -1
1 4 1
-1107586502 1039897146
2
8 6 1
14 9 0
17 13 0
17 3 -1
-1103898965 1043584683
2
5 0 2
9 1 0
8 4 -1
8 1 0
-1106555997 1040927651
2
11 13 0
23 21 0
14 9 -1
23 19 0
-1107185032 1040298616
2
10 9 0
6 2 1
9 3 -1
3 1 2
-1106476622 1041007026
2
11 4 0
2 2 2
1 4 -1
4 4 1
-1108290181 1039193467
2
5 3 2
17 12 0
9 3 -1
9 5 1
-1106758881 1040724767
2
9 18 0
5 9 1
7 16 -1
2 5 2
-1106315448 1041168200
2
3 0 1
4 1 0
6 1 -1
5 0 0
-1101669558 1045814090
