7
-1063146019
5
17 13 0
4 2 2
13 2 0
8 8 0
3 1 2
8 4 1
11 4 0
3 5 2
10 3 0
7 4 1
-1073083780 1074399868
5
6 4 1
8 4 1
7 12 0
3 4 1
3 2 2
4 2 -1
6 13 0
4 0 -1
6 14 0
3 2 -1
-1076105349 1071378299
5
7 2 0
1 1 0
4 1 1
0 3 0
5 3 0
1 2 0
3 1 1
1 0 0
3 1 -1
0 4 0
-1082715405 1064768243
5
11 11 0
4 4 1
11 13 0
1 1 -1
11 10 0
8 12 -1
3 7 1
2 0 -1
2 2 2
0 4 -1
-1082217523 1065266125
3
9 7 1
4 5 2
13 19 -1
7 8 1
1 4 -1
4 2 2
-1084139561 1063344087
5
12 12 0
11 2 1
8 1 1
22 0 0
16 2 0
11 1 1
4 0 2
23 1 0
4 0 -1
23 5 0
-1084669259 1062814389
3
11 6 0
15 9 0
17 11 0
1 1 -1
17 12 0
11 1 -1
-1085248013 1062235635
