80
-1062866208
5
12 9 0
8 10 1
17 13 0
14 9 0
13 3 0
6 8 1
10 3 0
9 8 0
15 2 0
4 2 2
-1079040691 1068442957
5
3 7 1
2 2 2
11 4 0
1 15 0
8 3 0
5 8 1
10 3 0
0 4 0
9 3 0
0 13 0
-1085977621 1061506027
5
11 7 0
8 4 1
11 9 0
8 8 0
11 8 0
8 8 -1
4 6 1
3 8 -1
17 11 0
0 13 -1
-1084851449 1062632199
5
14 3 0
23 6 0
15 3 0
22 2 0
7 1 1
23 14 0
16 3 0
22 3 0
16 3 -1
22 4 0
-1088638945 1058844703
4
6 4 1
3 4 1
4 2 2
8 4 1
7 6 1
3 10 -1
15 17 0
14 22 -1
-1090285519 1057198129
3
3 7 1
2 5 2
5 7 -1
2 2 2
22 5 -1
4 7 1
-1091327265 1056156383
5
7 0 0
0 0 2
6 1 0
1 2 0
5 2 0
1 1 0
6 2 0
0 2 1
3 0 1
1 0 0
-1090248300 1057235348
5
11 11 0
15 9 0
11 10 0
14 8 0
11 13 0
5 10 1
11 12 0
2 2 2
5 6 -1
8 10 0
-1089834961 1057648687
5
8 12 0
3 4 1
5 12 0
17 0 -1
6 12 0
5 10 -1
8 23 0
2 2 -1
7 12 0
8 10 -1
-1093149355 1054334293
5
10 8 1
23 20 0
10 10 1
11 10 1
10 9 1
5 5 2
19 15 0
23 19 0
20 13 0
23 19 -1
-1092469582 1055014066
5
9 2 0
3 5 2
13 0 0
3 2 2
3 0 2
6 11 1
10 1 0
7 4 1
12 1 0
7 4 -1
-1092413743 1055069905
2
15 17 0
14 16 0
7 6 1
0 10 -1
-1093699744 1053783904
5
17 22 0
8 4 1
15 12 0
15 8 -1
18 13 0
6 22 -1
12 7 0
1 5 -1
19 15 0
7 4 -1
-1092891169 1054592479
5
10 2 1
23 0 0
9 1 1
23 1 0
18 3 0
23 2 0
19 3 0
11 0 1
8 1 1
11 1 -1
-1095783214 1051700434
5
12 14 0
8 10 1
23 5 -1
14 11 0
0 0 -1
15 14 0
1 17 -1
18 19 0
8 1 -1
14 10 0
-1093098694 1054384954
2
4 6 1
4 10 1
6 13 0
12 14 -1
-1094152651 1053330997
5
5 3 2
7 4 1
23 10 0
4 2 2
11 4 1
9 4 1
23 11 0
8 4 1
13 12 0
8 4 -1
-1095137977 1052345671
3
9 4 0
5 0 0
5 2 1
2 1 2
11 4 -1
4 2 0
-1096549878 1050933770
5
5 12 0
3 4 1
2 4 2
9 0 -1
2 4 1
4 2 -1
5 6 1
4 2 -1
8 13 0
8 4 -1
-1096117256 1051366392
3
9 7 1
8 4 1
5 4 -1
19 18 0
22 20 -1
4 5 2
-1095377608 1052106040
5
2 10 1
0 10 1
3 16 0
0 20 0
3 15 0
0 5 2
3 14 0
1 23 0
3 13 0
0 21 0
-1094597392 1052886256
2
12 4 0
11 17 0
11 18 0
23 13 -1
-1096238636 1051245012
2
17 16 0
8 4 1
8 7 1
3 6 -1
-1095260153 1052223495
5
13 4 0
21 2 0
5 7 1
20 0 0
14 4 0
21 4 0
12 5 0
21 3 0
3 3 1
21 3 -1
-1097695219 1049788429
4
20 21 0
8 10 1
20 19 0
11 8 -1
20 20 0
0 1 -1
10 8 1
2 3 -1
-1095876818 1051606830
4
6 12 0
9 9 0
7 12 0
5 2 -1
12 8 0
5 0 -1
8 11 0
18 20 -1
-1093911385 1053572263
3
11 0 0
2 3 2
5 0 1
6 7 0
9 0 0
3 4 1
-1098467551 1049016097
5
18 15 0
21 15 0
18 14 0
21 21 0
9 7 1
21 17 0
17 14 0
22 14 0
17 14 -1
20 23 0
-1096316723 1051166925
5
9 4 1
16 8 0
12 11 0
11 4 -1
12 12 0
9 11 -1
7 6 1
6 10 -1
4 5 2
20 23 -1
-1097845425 1049638223
5
12 23 0
11 21 0
11 4 0
11 21 -1
10 4 0
7 11 -1
11 5 0
3 1 -1
11 23 0
20 23 -1
-1096807390 1050676258
2
12 12 0
10 3 1
1 3 -1
10 2 1
-1096736737 1050746911
5
9 8 1
5 23 0
4 4 2
3 19 0
15 23 0
3 17 0
9 7 1
3 18 0
9 7 -1
2 15 0
-1098834415 1048649233
2
2 16 0
9 15 0
0 3 2
4 2 -1
-1099346850 1048136798
2
2 3 2
3 4 1
3 7 1
8 10 -1
-1095769040 1051714608
3
9 18 0
3 5 2
4 0 -1
5 8 1
3 14 -1
2 5 2
-1096689122 1050794526
3
1 2 1
0 3 0
1 1 -1
0 5 0
10 7 -1
0 1 1
-1097884146 1049599502
4
11 12 0
5 6 1
11 13 0
10 9 0
5 7 -1
10 10 0
2 3 -1
9 13 0
-1096211284 1051272364
2
4 3 2
9 4 1
8 6 1
1 3 -1
-1098152373 1049331275
5
0 4 1
4 3 2
0 10 0
4 2 2
1 12 0
8 10 1
1 13 0
7 4 1
0 5 1
7 4 -1
-1098655820 1048827828
3
3 1 1
4 1 0
4 1 -1
5 0 0
3 2 -1
3 2 0
-1096523117 1050960531
2
9 6 1
8 6 1
2 4 -1
4 2 2
-1097273556 1050210092
5
12 1 0
4 2 2
13 1 0
4 2 -1
15 2 0
4 4 -1
16 2 0
3 2 -1
7 1 1
7 4 -1
-1099518843 1047964805
5
9 23 0
21 21 0
3 7 1
20 23 0
2 4 2
11 8 1
11 10 0
21 20 0
5 6 1
21 20 -1
-1099200976 1048282672
4
12 7 0
3 4 1
6 3 1
0 6 -1
13 5 0
5 5 -1
12 6 0
10 1 -1
-1097778375 1049705273
2
10 4 0
12 2 0
4 0 -1
11 1 0
-1099109916 1048373732
4
2 6 1
0 14 0
3 1 -1
0 3 2
22 18 -1
0 12 0
5 5 -1
3 18 0
-1097512120 1049971528
3
10 10 1
15 7 0
20 18 0
1 0 -1
21 15 0
2 8 -1
-1098862150 1048621498
5
0 4 1
5 3 1
0 7 1
9 7 0
0 13 0
8 7 0
0 4 2
4 3 1
0 6 1
4 3 -1
-1099352393 1048131255
3
13 2 0
4 2 2
12 2 0
4 2 -1
14 2 0
4 5 -1
-1099727017 1047756631
5
5 7 0
6 9 0
4 9 1
1 2 -1
6 7 0
2 4 -1
2 4 2
5 13 -1
12 10 0
2 4 -1
-1101663626 1045820022
2
11 12 0
1 7 0
1 5 -1
0 2 2
-1102407817 1045075831
5
8 6 1
13 12 0
8 6 -1
5 1 2
1 4 -1
4 2 2
16 8 -1
4 5 2
6 11 -1
13 11 0
-1097170537 1050313111
2
5 4 1
9 7 0
6 14 0
5 1 -1
-1099983668 1047499980
2
2 4 2
9 15 0
6 14 0
2 1 -1
-1102715676 1044767972
5
10 1 1
11 0 1
19 2 0
23 3 0
20 3 0
23 1 0
10 0 1
11 1 1
9 0 -1
23 2 0
-1100395554 1047088094
2
2 3 2
2 4 1
9 12 0
6 6 -1
-1099322382 1048161266
5
0 4 1
16 10 0
0 10 0
2 2 2
0 11 0
17 9 0
0 9 0
8 4 1
0 9 -1
4 4 1
-1100808381 1046675267
2
12 5 0
7 4 1
0 4 -1
8 8 1
-1102652355 1044831293
2
21 9 0
11 18 0
21 10 0
8 8 -1
-1101396841 1046086807
2
14 23 0
7 10 1
7 9 1
13 4 -1
-1100449014 1047034634
5
12 11 0
0 14 0
12 13 0
0 13 0
12 12 0
0 6 1
6 6 -1
0 12 0
2 4 -1
0 11 0
-1099619391 1047864257
2
8 6 1
15 11 0
9 11 -1
15 10 0
-1101373781 1046109867
4
4 8 1
4 0 2
6 4 -1
20 3 0
7 23 -1
19 1 0
2 7 -1
17 1 0
-1103150664 1044332984
2
7 6 1
7 8 1
0 0 -1
4 2 2
-1099617411 1047866237
2
10 7 1
15 15 0
0 0 -1
15 14 0
-1102223385 1045260263
5
6 23 0
18 9 0
2 7 1
2 3 -1
5 21 0
10 23 -1
2 8 1
0 5 -1
4 16 0
11 3 -1
-1099275293 1048208355
5
9 0 0
4 7 0
9 2 0
3 3 1
8 2 0
2 4 2
10 1 0
2 2 2
4 1 1
5 17 0
-1100725772 1046757876
2
10 5 1
11 6 1
7 6 -1
11 5 1
-1099961478 1047522170
5
11 8 0
13 9 0
11 10 0
16 13 -1
5 5 1
11 11 -1
6 5 1
14 20 -1
11 9 0
4 23 -1
-1099029894 1048453754
2
7 14 0
3 4 1
14 22 -1
4 4 1
-1098117096 1049366552
2
4 4 2
2 5 2
11 5 -1
4 7 1
-1101004103 1046479545
2
1 0 0
0 0 0
0 0 1
4 2 -1
-1104429106 1043054542
5
11 5 0
11 2 0
11 5 -1
12 2 0
11 2 -1
10 2 0
4 9 -1
9 2 0
9 23 -1
5 1 1
-1100592975 1046890673
3
16 1 0
4 2 2
14 1 0
7 4 1
15 0 0
4 4 -1
-1098889668 1048593980
2
5 14 0
2 5 2
0 5 -1
4 17 0
-1103150899 1044332749
5
18 13 0
5 1 0
7 6 1
2 1 1
16 23 0
3 4 0
19 13 0
4 1 0
4 3 2
4 3 0
-1102905291 1044578357
2
8 7 1
8 4 1
8 6 -1
4 2 2
-1102666540 1044817108
2
2 10 1
4 3 2
1 4 2
4 3 -1
-1100588897 1046894751
2
10 19 0
4 10 1
5 1 -1
12 17 0
-1103857043 1043626605
5
12 14 0
3 13 0
6 4 -1
4 17 0
2 2 -1
3 14 0
4 1 -1
4 16 0
11 5 -1
3 15 0
-1100250002 1047233646
