115
-1062937465
5
7 3 0
14 7 0
14 3 0
3 4 1
7 12 0
14 8 0
10 4 0
9 8 0
6 4 1
3 5 2
-1079614084 1067869564
5
13 1 0
23 3 0
18 13 0
23 4 0
16 1 0
8 4 1
17 2 0
11 8 1
15 0 0
22 0 0
-1086105283 1061378365
5
16 12 0
0 0 0
6 13 0
0 2 0
6 4 1
8 4 1
7 12 0
4 4 1
12 5 0
0 2 -1
-1089629214 1057854434
3
12 13 0
13 16 0
13 18 0
5 3 -1
7 6 1
6 8 -1
-1089772952 1057710696
5
10 3 0
3 2 2
12 3 0
4 5 1
9 3 0
15 10 0
13 3 0
4 4 1
11 3 0
4 4 -1
-1090170575 1057313073
5
12 7 0
4 4 1
12 9 0
8 4 1
12 8 0
15 8 0
3 3 2
9 8 0
12 10 0
9 8 -1
-1090460079 1057023569
5
6 22 0
2 23 0
3 12 0
0 5 2
4 13 0
1 22 0
4 14 0
1 21 0
2 7 1
1 21 -1
-1092148389 1055335259
2
3 8 1
3 4 1
3 8 -1
4 10 1
-1090862225 1056621423
5
11 10 0
8 10 1
11 12 0
13 8 0
11 11 0
13 9 0
11 13 -1
13 11 0
0 2 -1
13 10 0
-1090508531 1056975117
5
16 12 0
8 4 1
16 23 0
8 4 -1
15 11 0
9 12 -1
17 12 0
3 3 -1
18 12 0
13 10 -1
-1091773813 1055709835
4
17 14 0
8 10 1
16 13 0
15 14 0
6 4 -1
4 4 2
5 5 -1
7 8 1
-1092614843 1054868805
5
20 14 0
22 23 0
10 7 1
23 22 0
20 13 0
11 11 1
21 12 0
23 21 0
19 22 0
23 20 -1
-1094738292 1052745356
4
12 14 0
2 2 2
13 23 -1
10 9 0
1 3 -1
5 8 1
18 5 -1
9 14 0
-1094297284 1053186364
5
10 1 0
2 2 2
4 0 1
3 4 1
7 2 0
5 8 1
9 0 0
3 3 1
8 1 0
3 3 -1
-1094829159 1052654489
4
11 6 0
3 4 1
2 4 2
0 9 -1
2 5 2
5 8 -1
11 7 0
3 3 -1
-1095342558 1052141090
5
12 11 0
22 1 0
10 2 1
11 1 1
9 1 1
5 0 2
12 10 0
22 0 0
12 10 -1
23 3 0
-1096504516 1050979132
4
5 14 0
4 17 0
10 3 -1
4 18 0
7 0 -1
4 15 0
11 4 -1
4 16 0
-1093930153 1053553495
5
2 16 0
12 17 0
2 12 0
8 4 1
3 20 0
4 4 1
2 15 0
15 8 0
2 17 0
15 8 -1
-1096586047 1050897601
5
12 11 0
0 4 0
12 10 0
0 0 2
1 3 -1
1 2 0
6 6 -1
0 1 1
12 10 -1
2 0 0
-1096417330 1051066318
5
21 9 0
17 8 0
20 16 0
6 23 -1
21 11 0
15 13 -1
21 8 0
0 2 -1
14 12 0
2 0 -1
-1095458119 1052025529
4
6 14 0
9 21 0
9 18 0
5 5 -1
9 23 0
5 3 -1
5 14 0
12 1 -1
-1095343101 1052140547
2
12 4 0
4 4 1
13 4 0
3 1 2
-1095242169 1052241479
5
7 3 0
19 0 0
8 3 0
20 3 0
11 2 0
19 1 0
4 1 1
20 2 0
10 2 0
20 2 -1
-1098714428 1048769220
2
9 7 1
4 5 2
1 4 -1
7 9 1
-1098075662 1049407986
5
11 10 0
16 10 0
10 12 0
3 4 1
1 6 1
2 2 2
5 6 1
4 4 1
1 5 1
4 4 -1
-1098076995 1049406653
2
15 17 0
7 8 1
0 0 -1
4 5 2
-1097295422 1050188226
5
8 2 0
4 0 0
10 2 0
2 3 0
9 2 0
3 2 0
9 1 0
3 1 0
9 1 -1
2 4 0
-1097606844 1049876804
4
11 8 0
14 9 0
15 10 0
1 5 -1
17 11 0
1 7 -1
16 11 0
2 0 -1
-1094225737 1053257911
3
3 8 0
3 4 1
5 6 1
4 2 -1
9 12 0
18 22 -1
-1097944986 1049538662
5
6 13 0
0 16 0
1 4 2
0 15 0
7 13 0
0 8 1
3 7 1
0 13 0
3 7 -1
0 14 0
-1098022344 1049461304
2
5 13 0
3 4 1
16 10 -1
4 5 1
-1098220398 1049263250
5
5 5 2
3 4 1
23 12 0
2 2 2
11 4 1
4 4 1
23 16 0
5 11 1
23 15 0
5 11 -1
-1101756495 1045727153
4
10 7 1
5 4 2
10 7 -1
23 13 0
3 3 -1
11 7 1
23 16 -1
22 16 0
-1096878367 1050605281
5
15 1 0
4 2 2
14 0 0
9 4 1
13 0 0
8 9 1
15 0 0
8 4 1
16 1 0
8 4 -1
-1098638082 1048845566
2
10 5 0
3 1 2
4 5 -1
15 8 0
-1099254372 1048229276
2
6 6 1
10 10 0
12 9 0
10 10 -1
-1097047795 1050435853
5
1 5 0
9 7 0
0 4 1
8 7 0
0 11 0
2 2 2
0 9 0
4 4 1
0 12 0
7 7 0
-1100009547 1047474101
2
4 4 2
9 4 1
8 7 1
8 7 -1
-1097322799 1050160849
2
5 4 2
8 7 1
6 1 -1
6 3 1
-1100447654 1047035994
5
8 12 0
23 20 0
5 5 1
23 19 0
7 13 0
23 21 0
6 13 0
22 23 0
11 22 0
22 23 -1
-1101359665 1046123983
2
3 6 1
3 10 1
17 9 -1
3 9 1
-1100507155 1046976493
2
14 23 0
7 10 1
11 5 0
3 20 -1
-1101652240 1045831408
2
3 8 1
9 15 0
4 8 1
4 4 -1
-1099049061 1048434587
2
2 4 2
2 4 1
4 7 1
4 4 -1
-1099115871 1048367777
2
23 21 0
2 11 1
11 10 1
3 14 0
-1102801666 1044681982
4
11 13 0
14 13 0
11 12 0
13 11 0
11 11 0
13 10 0
3 4 -1
6 5 1
-1098046564 1049437084
2
4 3 2
9 4 1
7 6 1
19 14 -1
-1098472389 1049011259
3
10 5 1
10 0 1
5 0 -1
21 5 0
7 6 -1
5 3 2
-1100929954 1046553694
2
16 3 0
17 23 0
13 15 -1
7 8 1
-1101092483 1046391165
3
4 15 0
2 5 2
2 7 1
8 14 0
2 19 -1
4 9 1
-1100963691 1046519957
3
8 10 0
3 4 1
3 2 2
8 14 -1
6 4 1
4 9 -1
-1102556612 1044927036
2
14 18 0
12 17 0
3 3 -1
14 9 0
-1104139060 1043344588
3
7 14 0
9 13 0
1 10 -1
6 18 0
10 10 -1
2 2 2
-1103732328 1043751320
2
11 13 0
2 7 1
8 11 -1
4 18 0
-1103783216 1043700432
2
5 21 0
9 5 1
4 17 0
3 1 -1
-1103646400 1043837248
2
6 4 0
4 2 0
6 0 -1
3 0 1
-1102441627 1045042021
2
2 1 0
0 1 1
1 5 -1
1 0 0
-1099597113 1047886535
2
18 13 0
8 4 1
1 5 -1
4 2 2
-1101157908 1046325740
5
0 4 1
5 3 1
0 3 1
9 6 0
0 2 2
4 3 1
0 12 0
8 6 0
1 15 0
8 6 -1
-1100824626 1046659022
2
2 0 1
2 0 0
5 2 -1
1 1 1
-1100478393 1047005255
4
7 8 1
6 9 0
15 23 0
0 2 -1
4 4 2
3 13 -1
20 8 0
4 6 -1
-1101756847 1045726801
4
11 10 0
21 18 0
11 9 0
20 23 0
10 11 0
21 19 0
20 8 -1
21 17 0
-1100625166 1046858482
2
3 7 1
3 4 1
8 5 -1
4 4 1
-1100303566 1047180082
2
5 3 2
8 5 1
11 4 1
7 12 0
-1100763167 1046720481
2
4 1 1
3 0 1
1 3 -1
6 0 0
-1104683051 1042800597
2
19 16 0
14 15 0
9 8 1
6 1 -1
-1104059101 1043424547
2
12 13 0
5 1 2
6 5 -1
5 2 2
-1103547348 1043936300
5
16 1 0
6 22 0
14 1 0
4 8 1
4 1 2
3 2 1
15 2 0
2 1 2
12 1 0
10 7 0
-1103196158 1044287490
5
6 1 0
4 4 2
8 0 0
4 3 2
6 0 0
4 2 2
5 1 0
4 5 2
5 0 0
8 10 1
-1103728724 1043754924
2
9 17 0
2 5 2
8 0 -1
5 8 1
-1101536155 1045947493
2
8 7 1
8 4 1
0 3 -1
4 2 2
-1099670071 1047813577
2
10 11 1
11 17 0
21 20 0
4 1 -1
-1102651764 1044831884
5
5 3 1
21 4 0
10 6 0
20 3 0
4 3 1
9 0 1
17 11 0
19 2 0
10 5 0
10 1 -1
-1102604264 1044879384
2
23 10 0
23 21 0
23 10 -1
23 22 0
-1102573609 1044910039
5
9 0 1
11 1 1
20 3 0
23 2 0
19 1 0
11 0 1
20 2 0
23 1 0
20 2 -1
5 0 2
-1100131772 1047351876
3
6 4 1
8 9 0
8 10 0
3 4 -1
7 11 0
4 4 -1
-1100014031 1047469617
4
13 14 0
15 13 0
13 23 -1
14 12 0
10 1 -1
8 8 1
4 5 -1
8 9 1
-1100365017 1047118631
2
11 5 0
7 7 0
9 8 -1
8 4 1
-1101265074 1046218574
5
4 2 2
0 4 1
8 3 1
0 6 1
4 3 2
1 15 0
7 11 1
0 3 2
7 11 -1
0 2 2
-1105027122 1042456526
2
6 12 0
1 2 2
1 1 -1
10 11 0
-1105170479 1042313169
5
0 0 0
9 2 0
0 1 -1
11 1 0
2 4 -1
9 1 0
3 3 -1
6 0 1
7 11 -1
12 2 0
-1104646535 1042837113
2
10 4 0
8 4 1
11 4 0
4 2 -1
-1099666332 1047817316
5
1 15 0
4 4 1
1 10 1
5 19 0
1 19 0
3 9 1
1 16 0
5 18 0
1 18 0
6 19 -1
-1104248667 1043234981
5
12 11 0
0 4 1
12 12 0
0 2 2
12 13 0
0 7 1
12 13 -1
0 6 1
20 18 -1
0 12 0
-1100827333 1046656315
2
0 9 0
10 5 1
0 11 0
4 3 -1
-1104005250 1043478398
2
11 9 0
13 10 0
8 6 1
13 10 -1
-1099231933 1048251715
2
6 5 1
3 5 2
3 3 2
3 5 -1
-1101454270 1046029378
2
19 10 0
4 2 2
9 6 1
1 2 -1
-1103023799 1044459849
2
14 19 0
14 17 0
4 12 -1
8 10 1
-1097818984 1049664664
4
4 12 0
1 16 0
2 6 1
0 14 0
13 9 -1
1 11 1
2 3 -1
0 15 0
-1102931736 1044551912
2
3 8 1
4 4 1
3 7 1
4 8 -1
-1101060615 1046423033
5
9 2 0
4 4 0
11 1 0
6 0 0
12 2 0
4 9 1
6 1 1
6 1 0
10 2 0
2 8 1
-1100533723 1046949925
5
4 19 0
7 10 1
4 20 0
0 5 -1
7 23 0
5 4 -1
2 8 1
6 1 -1
2 9 1
2 8 -1
-1102106029 1045377619
5
18 15 0
15 8 0
18 16 0
2 0 -1
17 14 0
2 2 -1
18 20 0
5 9 -1
18 17 0
2 4 -1
-1103022086 1044461562
4
13 11 0
1 1 2
13 12 0
3 6 0
13 12 -1
10 12 0
18 20 -1
10 11 0
-1103265273 1044218375
2
8 0 1
19 2 0
9 1 1
4 2 -1
-1102025433 1045458215
2
6 4 1
8 4 1
3 2 2
4 0 -1
-1102731685 1044751963
5
23 8 0
15 7 0
11 3 1
7 3 1
22 3 0
14 6 0
13 12 0
13 6 0
13 12 -1
8 3 1
-1102945712 1044537936
3
9 7 1
23 16 0
11 3 -1
23 12 0
19 0 -1
11 7 1
-1104500233 1042983415
2
15 23 0
4 5 2
8 7 -1
3 4 2
-1104637782 1042845866
2
4 6 1
2 4 2
10 13 -1
3 10 1
-1105326778 1042156870
2
4 11 1
9 5 1
1 2 2
2 2 -1
-1106515852 1040967796
2
22 22 0
3 5 1
22 21 0
0 3 -1
-1104700237 1042783411
2
20 12 0
20 23 0
10 6 1
10 11 -1
-1098747541 1048736107
4
10 5 0
14 2 0
3 3 -1
4 1 2
3 4 -1
3 1 2
4 9 -1
11 3 0
-1107082385 1040401263
3
15 1 0
7 8 1
15 1 -1
4 2 2
3 4 -1
4 3 2
-1105557069 1041926579
3
0 3 2
0 23 0
0 4 2
21 14 -1
0 6 1
4 3 -1
-1105968660 1041514988
5
4 9 1
21 3 0
4 11 1
21 4 0
5 8 1
10 1 1
3 4 2
19 0 0
4 8 1
19 0 -1
-1104772114 1042711534
4
21 18 0
8 10 1
20 21 0
1 0 -1
20 20 0
4 2 -1
21 17 0
2 4 -1
-1099665883 1047817765
2
3 7 1
3 4 1
6 14 0
5 5 -1
-1098668876 1048814772
3
12 20 0
12 19 0
0 2 -1
2 2 2
23 13 -1
9 7 0
-1104147677 1043335971
2
0 22 0
20 12 0
6 11 -1
18 23 0
-1104633767 1042849881
5
9 2 1
1 16 0
15 1 0
1 10 1
15 2 0
1 17 0
16 2 0
1 18 0
8 1 1
1 18 -1
-1104161995 1043321653
5
10 14 0
23 18 0
5 2 -1
23 15 0
3 1 -1
23 16 0
5 4 -1
23 14 0
8 1 -1
23 17 0
-1101999911 1045483737
5
2 16 0
8 20 0
2 17 0
22 11 -1
2 15 0
2 5 -1
3 20 0
1 0 -1
2 11 1
23 17 -1
-1103626025 1043857623
