391
-1063957158
5
14 2 0
21 16 0
9 3 0
8 10 1
11 9 0
7 7 1
17 13 0
20 7 0
12 3 0
13 9 0
-1081634807 1065848841
5
12 9 0
10 9 0
10 3 0
4 10 1
6 13 0
5 8 1
11 3 0
10 8 0
13 4 0
2 2 2
-1085744039 1061739609
5
6 3 0
0 4 0
9 3 0
0 2 0
7 3 0
0 3 0
8 3 0
4 10 1
8 3 -1
9 8 0
-1092360641 1055123007
5
6 16 0
3 4 1
2 2 2
8 4 1
16 11 0
4 4 -1
6 4 1
1 5 -1
8 11 0
1 13 -1
-1092252875 1055230773
3
16 23 0
14 21 0
13 18 0
15 22 -1
9 10 1
8 3 -1
-1094189899 1053293749
5
9 1 1
23 6 0
16 2 0
23 2 0
19 3 0
23 1 0
17 2 0
23 3 0
17 2 -1
23 5 0
-1094581643 1052902005
5
12 10 0
4 2 2
12 11 0
8 4 1
12 12 0
14 7 0
12 13 0
4 4 1
12 13 -1
6 8 1
-1094295221 1053188427
5
1 6 1
2 23 0
2 10 1
0 5 2
3 12 0
0 10 1
6 23 0
1 21 0
4 13 0
1 21 -1
-1096859011 1050624637
5
12 6 0
8 4 1
16 17 0
8 4 -1
12 7 0
12 16 -1
4 2 2
0 0 -1
12 8 0
6 8 -1
-1095333912 1052149736
2
9 18 0
4 10 1
2 4 -1
9 16 0
-1094503235 1052980413
5
9 6 1
8 10 1
9 6 -1
4 2 2
2 21 -1
9 4 1
0 4 -1
7 5 1
12 8 -1
7 8 1
-1096138931 1051344717
5
10 10 1
21 23 0
10 8 1
23 19 0
10 7 1
22 21 0
18 14 0
22 22 0
19 14 0
11 10 -1
-1097943689 1049539959
5
12 14 0
12 18 0
3 0 -1
17 18 0
15 5 -1
15 14 0
4 5 -1
3 2 2
19 14 -1
8 10 0
-1096428415 1051055233
5
8 23 0
8 8 0
11 7 0
0 2 -1
3 9 1
10 8 -1
11 8 0
0 4 -1
4 8 1
8 10 -1
-1097251740 1050231908
5
10 3 0
2 14 0
11 0 0
3 5 0
12 0 0
4 0 0
8 1 0
3 1 0
4 1 1
3 2 0
-1097875055 1049608593
2
3 7 1
5 9 1
11 0 -1
2 5 2
-1097715510 1049768138
5
7 0 0
4 4 1
1 0 2
6 11 1
0 2 2
2 2 2
10 12 0
8 4 1
1 6 1
8 4 -1
-1100400487 1047083161
2
4 4 2
4 5 2
15 12 0
6 11 -1
-1102053304 1045430344
5
9 8 1
0 2 1
4 4 2
2 0 0
16 23 0
1 3 0
14 18 0
1 2 0
14 18 -1
0 3 1
-1101782765 1045700883
5
17 7 0
17 8 0
7 11 1
5 0 -1
7 8 1
8 7 -1
18 7 0
2 5 -1
19 7 0
0 3 -1
-1098793086 1048690562
2
5 12 0
4 5 1
14 3 -1
3 4 1
-1100472153 1047011495
5
10 5 0
14 13 0
8 6 1
13 10 0
16 12 0
5 1 2
11 4 0
9 4 1
11 4 -1
5 2 2
-1100725777 1046757871
5
15 2 0
9 0 1
14 2 0
18 0 0
16 2 0
19 2 0
8 0 1
18 1 0
8 0 -1
17 0 0
-1098181782 1049301866
2
17 12 0
14 9 0
15 11 0
4 15 -1
-1097072428 1050411220
3
5 3 2
14 6 0
11 4 1
3 5 1
11 5 1
18 0 -1
-1100440406 1047043242
5
16 2 0
21 2 0
14 2 0
20 0 0
17 2 0
11 7 1
15 2 0
21 3 0
9 1 1
21 3 -1
-1102345966 1045137682
5
2 12 0
4 4 1
1 9 0
8 4 -1
1 7 1
3 0 -1
1 3 1
4 8 -1
5 6 1
17 0 -1
-1102574044 1044909604
2
8 6 1
9 4 1
4 3 2
2 17 -1
-1101063610 1046420038
2
8 16 0
10 16 0
5 9 1
17 8 -1
-1100349498 1047134150
4
11 14 0
10 9 0
5 9 -1
1 2 2
9 11 -1
9 13 0
15 5 -1
4 7 1
-1102994091 1044489557
5
2 7 1
5 23 0
5 12 -1
2 15 0
10 2 -1
3 17 0
7 13 -1
3 16 0
10 3 -1
2 14 0
-1097476657 1050006991
2
11 8 0
7 5 1
7 10 -1
14 8 0
-1101627016 1045856632
2
9 7 1
4 2 2
16 23 0
4 1 -1
-1105765924 1041717724
5
16 0 0
8 5 1
14 0 0
8 4 1
18 4 0
16 11 0
4 0 2
9 7 0
17 1 0
9 7 -1
-1104225492 1043258156
5
12 9 0
23 0 0
13 12 0
23 1 -1
7 6 1
16 11 -1
8 11 1
9 7 -1
4 5 2
9 7 -1
-1105857509 1041626139
3
6 21 0
4 10 1
7 23 0
1 5 -1
2 4 2
16 11 -1
-1099160506 1048323142
2
2 3 2
3 4 1
2 4 2
1 5 -1
-1100115753 1047367895
5
1 7 0
18 23 0
2 13 0
9 5 1
1 12 0
9 11 1
0 4 2
19 19 0
1 13 0
19 19 -1
-1103728404 1043755244
3
4 6 1
10 12 0
10 2 -1
0 1 2
12 5 -1
0 3 2
-1105810809 1041672839
2
2 3 2
3 4 1
4 6 1
0 3 -1
-1102578460 1044905188
5
19 2 0
3 9 1
17 1 0
3 10 1
10 7 1
3 7 1
14 0 0
7 23 0
18 1 0
5 18 0
-1101289290 1046194358
2
10 8 1
14 15 0
10 7 1
4 6 -1
-1105162990 1042320658
2
7 1 1
16 1 0
15 3 0
19 3 -1
-1102097889 1045385759
5
11 11 0
12 7 0
11 12 0
17 12 0
1 1 -1
8 11 0
2 13 -1
16 16 0
11 12 -1
8 6 1
-1103046938 1044436710
5
13 0 0
8 4 1
11 0 0
4 5 1
10 0 0
3 2 2
12 0 0
4 4 1
5 0 1
4 4 -1
-1102283388 1045200260
5
6 13 0
0 2 0
1 3 2
1 0 0
3 3 1
0 5 0
2 4 1
0 4 0
3 10 1
0 4 -1
-1107012184 1040471464
2
15 4 0
16 2 0
1 3 -1
15 2 0
-1101308522 1046175126
2
3 7 1
3 4 1
7 13 0
0 2 -1
-1099083819 1048399829
2
14 18 0
4 4 1
15 14 -1
14 16 0
-1103062341 1044421307
2
4 3 2
9 14 0
6 4 1
5 2 -1
-1103104825 1044378823
2
16 1 0
4 0 2
6 5 -1
9 4 1
-1105645487 1041838161
2
9 4 0
5 1 1
0 2 -1
3 0 2
-1104890236 1042593412
5
1 16 0
9 7 0
1 15 0
5 3 1
1 17 0
4 3 1
0 6 1
9 6 0
0 9 0
8 7 -1
-1104287079 1043196569
2
9 8 1
9 9 1
1 15 -1
8 4 1
-1102941755 1044541893
2
20 19 0
7 3 1
19 22 0
0 0 -1
-1106623573 1040860075
5
8 12 0
22 17 0
4 6 1
21 20 0
2 3 2
20 22 0
5 5 1
21 19 0
5 5 -1
22 16 0
-1104094948 1043388700
2
6 2 1
8 3 1
12 6 0
3 2 -1
-1104992058 1042491590
2
11 9 1
12 17 0
11 4 1
4 5 -1
-1105773099 1041710549
3
0 5 2
0 23 0
1 13 0
4 5 -1
0 3 2
11 1 -1
-1106098824 1041384824
2
10 6 0
4 3 1
5 3 1
4 0 -1
-1103831686 1043651962
2
6 7 0
0 4 2
5 3 -1
1 10 1
-1105932429 1041551219
5
12 12 0
10 7 0
13 13 0
8 4 1
12 11 0
8 10 0
12 10 0
16 11 0
12 10 -1
15 10 0
-1102733623 1044750025
2
4 3 2
4 5 2
8 6 1
2 5 -1
-1106708502 1040775146
2
9 17 0
5 9 1
17 7 -1
2 4 2
-1104752307 1042731341
2
4 3 2
12 16 0
4 5 2
8 2 -1
-1110687824 1036795824
2
1 2 1
0 0 2
1 0 1
4 1 -1
-1108332960 1039150688
2
11 5 0
2 2 2
1 0 -1
3 4 1
-1106294711 1041188937
4
0 23 0
7 1 1
6 2 -1
6 1 1
4 4 -1
8 2 1
22 12 -1
5 1 1
-1104858935 1042624713
2
4 0 1
2 3 2
10 9 -1
4 10 1
-1108696211 1038787437
2
11 15 0
23 13 0
8 13 -1
11 5 1
-1108086895 1039396753
2
18 5 0
18 4 0
4 4 -1
20 7 0
-1107619723 1039863925
5
21 17 0
5 9 0
20 22 0
5 9 -1
20 19 0
3 0 -1
10 10 1
14 8 -1
20 21 0
7 4 -1
-1104671537 1042812111
5
3 6 1
1 16 0
7 12 -1
5 6 1
13 3 -1
0 13 0
7 0 -1
0 5 1
3 3 -1
2 4 0
-1106156223 1041327425
2
7 6 1
9 4 1
4 3 2
5 6 -1
-1101031879 1046451769
3
14 19 0
13 17 0
9 22 -1
4 2 2
13 8 -1
4 5 2
-1105169123 1042314525
2
16 9 0
7 4 1
4 3 2
4 5 -1
-1107039795 1040443853
4
10 23 0
14 19 0
2 4 2
0 3 -1
4 8 1
4 5 -1
2 3 2
11 3 -1
-1106136410 1041347238
5
9 2 0
6 0 0
10 2 0
5 1 0
8 2 0
3 0 1
7 2 0
4 2 0
11 2 0
4 2 -1
-1102262374 1045221274
2
6 13 0
15 8 0
4 6 -1
4 4 1
-1103489404 1043994244
2
0 1 2
5 2 1
8 2 -1
4 2 1
-1103646906 1043836742
5
16 1 0
4 5 2
13 0 0
9 9 1
14 0 0
4 4 2
15 0 0
18 18 0
15 0 -1
8 11 1
-1106095501 1041388147
2
5 2 2
22 23 0
6 6 1
9 9 -1
-1108208506 1039275142
2
19 5 0
21 2 0
19 5 -1
22 4 0
-1108632777 1038850871
2
2 8 0
3 4 1
5 6 1
4 9 -1
-1106715201 1040768447
2
18 13 0
14 16 0
14 17 0
4 3 -1
-1104570443 1042913205
2
6 6 1
1 2 1
6 3 -1
0 2 2
-1106379894 1041103754
2
23 21 0
7 0 0
21 14 -1
5 0 1
-1106373770 1041109878
2
15 23 0
9 4 1
10 7 -1
4 5 2
-1106873319 1040610329
2
4 3 2
8 4 1
18 8 0
4 5 -1
-1106555432 1040928216
2
13 2 0
8 4 1
7 11 -1
4 2 2
-1106923766 1040559882
5
2 7 1
8 7 1
3 14 0
4 5 2
5 2 0
4 4 2
6 2 0
7 9 1
1 4 2
7 9 -1
-1106803685 1040679963
2
5 6 1
1 2 2
3 3 -1
2 4 1
-1105599131 1041884517
5
7 9 1
4 11 0
20 16 0
2 5 1
4 4 2
3 6 1
10 10 1
5 12 0
10 8 1
3 5 -1
-1105693298 1041790350
2
6 4 1
8 4 1
11 18 -1
6 9 1
-1108952132 1038531516
2
2 5 2
9 0 1
8 23 0
4 2 -1
-1107516062 1039967586
5
3 12 0
0 13 0
1 6 1
0 12 0
2 12 0
0 11 0
2 11 0
0 14 0
2 11 -1
0 7 1
-1104262223 1043221425
2
3 1 2
8 4 1
6 2 1
4 14 -1
-1104748539 1042735109
5
11 8 1
13 6 0
23 12 0
8 3 1
23 6 0
7 3 1
22 13 0
6 9 0
22 14 0
6 9 -1
-1106707673 1040775975
4
9 7 1
11 6 1
23 12 -1
23 13 0
23 6 -1
23 17 0
22 13 -1
23 10 0
-1107025244 1040458404
5
0 19 0
5 18 0
0 5 2
2 10 1
0 9 1
1 5 2
0 16 0
2 9 1
0 10 1
2 9 -1
-1108430142 1039053506
2
11 10 1
23 23 0
5 4 2
14 3 -1
-1106203868 1041279780
2
2 3 2
3 4 1
4 6 1
1 4 -1
-1105818492 1041665156
2
8 4 0
8 2 0
10 8 -1
8 3 0
-1100828438 1046655210
3
7 1 0
4 3 1
10 6 -1
4 8 1
11 13 -1
2 2 2
-1105802288 1041681360
2
8 8 1
10 10 0
4 2 2
5 0 -1
-1106577713 1040905935
2
7 20 0
2 5 2
16 21 -1
4 10 1
-1106178805 1041304843
2
3 7 1
7 20 0
10 8 -1
4 7 1
-1109977822 1037505826
5
11 10 0
11 6 0
11 12 0
12 6 0
11 13 0
16 10 0
11 11 0
3 1 2
11 11 -1
8 8 0
-1105752529 1041731119
2
12 4 0
7 8 0
6 2 1
7 1 -1
-1102935048 1044548600
5
23 22 0
4 19 0
23 20 0
6 23 0
23 21 0
3 15 0
23 19 0
4 20 0
23 19 -1
3 16 0
-1105845035 1041638613
3
8 12 0
4 10 1
4 3 -1
2 3 2
14 8 -1
10 13 0
-1109618863 1037864785
2
11 13 0
5 1 2
18 23 -1
5 2 2
-1110180650 1037302998
3
11 17 0
11 15 0
2 4 2
0 2 -1
10 17 0
22 4 -1
-1105169106 1042314542
3
11 15 0
14 9 0
3 4 -1
11 17 0
0 8 -1
4 7 1
-1106530441 1040953207
2
17 2 0
9 4 1
16 1 0
11 6 -1
-1105532041 1041951607
2
3 21 0
4 3 1
4 23 0
0 3 -1
-1107277126 1040206522
2
18 20 0
4 5 2
2 0 -1
9 10 1
-1107882793 1039600855
2
9 19 0
0 9 1
1 3 -1
0 21 0
-1109858011 1037625637
2
19 21 0
19 23 0
19 22 0
0 0 -1
-1108767314 1038716334
4
11 6 0
4 5 2
2 6 -1
9 10 1
3 9 -1
19 17 0
2 4 -1
19 18 0
-1106558649 1040924999
2
2 4 2
4 10 1
4 8 1
9 10 -1
-1107548570 1039935078
2
23 8 0
7 11 0
22 12 -1
4 2 2
-1107539632 1039944016
2
12 5 0
9 2 0
1 2 -1
11 1 0
-1110933660 1036549988
2
4 2 0
3 1 0
4 2 -1
2 2 0
-1105013127 1042470521
2
17 13 0
9 4 1
9 7 1
5 0 -1
-1110622090 1036861558
4
0 3 2
2 1 2
0 3 -1
4 2 1
9 7 -1
4 8 1
13 3 -1
11 5 0
-1105495463 1041988185
5
3 0 1
2 21 0
6 0 0
2 19 0
5 2 0
2 20 0
6 1 0
1 16 0
6 1 -1
1 17 0
-1109910772 1037572876
2
13 22 0
7 10 1
3 10 -1
4 5 2
-1110482862 1037000786
2
3 7 1
8 4 1
2 3 2
4 5 -1
-1109377225 1038106423
5
17 13 0
5 1 0
8 6 1
4 2 0
15 16 0
6 1 0
7 5 1
3 0 1
15 12 0
4 3 -1
-1106091035 1041392613
5
12 0 0
8 9 1
9 1 0
16 23 0
11 2 0
7 9 1
12 2 0
4 3 2
10 0 0
4 2 -1
-1109190904 1038292744
2
4 1 2
8 4 0
11 4 -1
7 4 0
-1109088396 1038395252
4
7 13 0
9 9 0
4 2 -1
4 5 1
5 1 -1
9 10 0
8 3 -1
9 11 0
-1104038989 1043444659
2
10 10 0
2 2 2
11 11 -1
6 2 1
-1109742268 1037741380
2
21 11 0
22 20 0
3 2 -1
22 18 0
-1107025093 1040458555
2
7 1 0
5 1 0
6 2 0
10 0 -1
-1108546868 1038936780
2
21 18 0
16 4 0
3 1 -1
15 4 0
-1111097011 1036386637
2
12 4 0
4 2 2
7 1 -1
8 4 1
-1108369284 1039114364
2
13 23 0
11 16 0
11 17 0
21 0 -1
-1107282218 1040201430
2
1 0 1
16 9 0
2 6 -1
16 11 0
-1108837634 1038646014
2
12 20 0
11 21 0
13 20 0
3 7 -1
-1109230391 1038253257
3
19 21 0
17 19 0
20 18 0
4 2 -1
9 11 1
11 0 -1
-1110139326 1037344322
2
12 5 0
7 7 0
5 2 1
9 8 -1
-1107826968 1039656680
5
8 4 1
11 0 1
4 4 1
22 0 0
4 5 2
11 1 1
8 10 0
23 3 0
4 3 2
23 3 -1
-1109593019 1037890629
2
8 10 1
7 10 1
14 23 0
2 9 -1
-1109969765 1037513883
2
5 6 1
1 2 2
14 23 -1
2 4 1
-1106100192 1041383456
2
11 19 0
10 18 0
2 3 -1
12 18 0
-1104513924 1042969724
2
12 4 0
6 11 1
3 1 2
6 11 -1
-1110470404 1037013244
5
0 18 0
11 2 0
0 10 1
10 2 0
0 20 0
14 2 0
0 19 0
12 2 0
0 19 -1
13 2 0
-1107874333 1039609315
3
12 14 0
11 10 0
2 5 -1
10 13 0
9 10 -1
5 5 1
-1109457534 1038026114
2
2 3 2
3 4 1
3 7 1
10 13 -1
-1106416956 1041066692
2
9 21 0
10 7 1
3 7 -1
21 15 0
-1109187188 1038296460
2
21 16 0
8 10 1
10 8 1
2 8 -1
-1113441349 1034042299
2
8 6 1
12 11 0
8 7 -1
11 7 1
-1109875497 1037608151
2
3 4 2
11 19 0
11 20 0
10 1 -1
-1111476028 1036007620
2
17 13 0
7 4 1
5 3 -1
8 4 1
-1105712254 1041771394
2
7 23 0
14 12 0
1 3 2
6 9 -1
-1107331145 1040152503
2
12 11 0
11 3 0
5 2 -1
7 1 1
-1111388115 1036095533
2
9 2 0
4 4 1
6 17 -1
6 12 0
-1107143215 1040340433
2
14 5 0
9 9 0
19 6 -1
3 1 2
-1111166819 1036316829
5
12 9 0
2 7 1
13 11 0
4 18 0
13 12 0
4 17 0
13 13 0
4 14 0
12 10 0
4 14 -1
-1111925313 1035558335
2
10 6 1
20 18 0
10 6 -1
18 23 0
-1108793342 1038690306
2
5 4 1
9 2 1
6 14 -1
4 1 2
-1110013084 1037470564
2
11 4 0
4 4 1
9 18 -1
8 4 1
-1106407774 1041075874
2
15 18 0
3 5 2
0 4 -1
4 4 2
-1109011522 1038472126
4
7 8 1
10 10 0
3 4 2
4 4 -1
6 6 1
13 9 -1
6 5 1
0 22 -1
-1109941208 1037542440
2
10 18 0
5 8 1
8 11 -1
4 10 1
-1107439626 1040044022
4
17 14 0
8 4 1
2 1 -1
8 5 1
10 10 -1
17 12 0
2 3 -1
8 6 1
-1107411159 1040072489
5
9 1 0
8 7 1
11 1 0
4 2 2
9 0 0
7 4 1
4 0 1
15 17 0
10 1 0
15 17 -1
-1107235778 1040247870
2
4 11 0
2 1 2
3 8 -1
2 2 2
-1107810295 1039673353
2
11 13 0
1 5 1
3 8 -1
1 2 2
-1106664555 1040819093
2
6 8 0
3 5 1
2 3 2
1 2 -1
-1108936690 1038546958
5
10 9 0
7 8 0
5 7 0
3 0 -1
7 7 0
0 1 -1
8 7 0
2 18 -1
6 7 0
15 17 -1
-1104882049 1042601599
2
17 12 0
8 4 1
8 6 1
8 4 -1
-1102924906 1044558742
5
3 0 2
3 6 0
11 2 0
2 4 1
8 10 0
10 11 0
10 2 0
2 3 1
12 3 0
2 3 -1
-1104820196 1042663452
2
3 2 2
8 4 1
6 4 1
19 16 -1
-1107559355 1039924293
2
2 1 2
7 1 1
2 1 -1
17 2 0
-1106831120 1040652528
5
16 0 0
6 3 1
15 0 0
4 4 1
14 0 0
8 4 1
13 0 0
3 1 2
7 0 -1
11 6 0
-1106078835 1041404813
2
11 8 0
13 10 0
1 5 -1
4 2 2
-1108728282 1038755366
2
4 0 2
4 0 0
9 2 1
11 2 -1
-1111469168 1036014480
2
15 2 0
8 4 1
15 2 -1
4 2 2
-1108582589 1038901059
2
8 9 1
8 10 1
17 22 0
20 2 -1
-1108756481 1038727167
2
10 14 0
3 3 1
10 22 -1
11 3 0
-1109335719 1038147929
2
4 1 1
5 3 0
2 0 2
8 9 -1
-1112168263 1035315385
2
2 4 2
9 15 0
3 8 1
5 19 -1
-1109008286 1038475362
2
5 1 0
10 6 0
2 1 1
10 6 -1
-1109119638 1038364010
2
17 10 0
4 2 2
6 2 -1
8 4 1
-1108159140 1039324508
3
13 5 0
17 1 0
7 2 1
16 1 0
3 6 -1
17 2 0
-1109205168 1038278480
2
11 3 0
8 4 1
10 3 0
4 4 -1
-1107234736 1040248912
2
4 0 2
3 0 1
8 8 -1
4 0 1
-1109240047 1038243601
5
9 13 0
9 5 1
2 3 2
5 1 -1
4 9 1
10 3 -1
1 2 2
4 0 -1
2 5 2
10 0 -1
-1110373993 1037109655
2
6 5 1
0 23 0
12 9 0
2 9 -1
-1111178016 1036305632
2
22 21 0
10 17 0
11 8 1
0 2 -1
-1111223869 1036259779
2
3 22 0
22 11 0
1 9 1
5 2 2
-1109922234 1037561414
2
4 6 1
5 10 1
2 3 2
6 9 -1
-1108801426 1038682222
4
7 8 0
6 9 0
3 2 2
10 21 -1
17 10 0
5 1 -1
7 11 1
23 23 -1
-1108074148 1039409500
2
8 7 1
8 4 1
3 2 2
9 9 -1
-1109131497 1038352151
2
9 14 0
8 13 0
5 6 1
8 13 -1
-1109401636 1038082012
3
11 20 0
5 9 1
6 3 -1
3 5 2
8 20 -1
12 18 0
-1110505146 1036978502
2
3 1 1
2 5 0
9 3 0
8 8 -1
-1111153807 1036329841
2
15 21 0
3 5 2
9 3 -1
4 5 2
-1111539605 1035944043
2
2 7 1
2 8 1
9 11 -1
2 9 1
-1108733132 1038750516
4
3 14 0
10 8 0
4 21 0
16 1 -1
3 19 0
4 7 -1
1 6 1
5 6 -1
-1110129903 1037353745
4
10 5 1
21 4 0
4 21 -1
10 2 1
3 19 -1
5 3 2
1 6 -1
11 4 1
-1110956558 1036527090
2
4 3 2
17 9 0
17 8 0
2 22 -1
-1106455394 1041028254
2
17 14 0
7 4 1
12 20 -1
8 4 1
-1106324679 1041158969
2
10 9 0
11 8 1
12 20 -1
23 18 0
-1111383501 1036100147
2
5 4 2
8 7 1
11 7 1
15 5 -1
-1107923778 1039559870
2
11 13 0
11 6 1
15 8 -1
11 7 1
-1112416739 1035066909
2
6 14 0
4 12 0
15 8 -1
4 13 0
-1108831410 1038652238
2
5 0 2
15 5 0
5 1 2
4 5 -1
-1109870803 1037612845
2
16 2 0
20 3 0
17 2 0
8 7 -1
-1109549078 1037934570
3
6 10 0
4 3 1
3 6 -1
3 4 1
2 1 -1
2 2 2
-1106213419 1041270229
2
10 4 0
6 0 1
6 6 -1
13 1 0
-1110680091 1036803557
2
10 8 1
8 7 1
10 7 1
2 2 -1
-1109874923 1037608725
2
7 12 0
3 5 1
1 4 -1
4 5 1
-1106186506 1041297142
2
11 15 0
3 4 1
15 14 -1
11 13 0
-1110677182 1036806466
5
13 0 0
5 4 1
9 2 0
4 4 1
11 0 0
4 18 0
14 0 0
3 7 1
12 2 0
4 17 0
-1111643365 1035840283
3
13 22 0
11 20 0
12 22 0
12 20 0
11 22 0
13 20 0
-1104026896 1043456752
2
6 2 1
7 8 0
13 4 0
6 9 -1
-1105079415 1042404233
2
0 23 0
5 1 1
0 4 -1
9 1 0
-1111195727 1036287921
2
14 19 0
11 10 1
14 19 -1
11 9 1
-1111542888 1035940760
2
23 11 0
23 0 0
23 9 0
23 11 -1
-1109277671 1038205977
2
23 23 0
4 23 0
3 5 -1
1 10 1
-1112602477 1034881171
2
9 7 1
19 20 0
1 4 -1
10 9 1
-1110725443 1036758205
2
16 9 0
7 3 1
1 4 -1
8 3 1
-1108687311 1038796337
2
7 13 0
4 4 1
6 13 0
5 11 -1
-1106794725 1040688923
5
19 0 0
7 4 1
20 0 0
7 13 0
20 2 0
15 7 0
10 0 1
4 4 1
10 1 1
4 4 -1
-1106139994 1041343654
2
12 6 0
18 17 0
23 5 -1
18 16 0
-1110734927 1036748721
2
6 9 1
14 9 0
3 2 2
18 1 -1
-1112824618 1034659030
2
9 16 0
5 7 1
13 5 -1
4 9 1
-1107157249 1040326399
2
10 8 1
4 5 2
10 10 1
1 3 -1
-1109420415 1038063233
2
12 13 0
0 14 0
11 4 -1
0 15 0
-1106860847 1040622801
2
2 20 0
12 22 0
1 17 0
12 2 -1
-1109508716 1037974932
2
2 6 1
21 13 0
3 7 -1
21 12 0
-1111661615 1035822033
2
3 4 2
10 21 0
10 23 0
2 5 -1
-1113172784 1034310864
2
6 3 1
11 17 0
12 6 0
0 1 -1
-1109851905 1037631743
2
11 21 0
2 18 0
4 9 -1
3 22 0
-1112922941 1034560707
2
13 18 0
6 8 1
5 9 -1
7 9 1
-1110207395 1037276253
2
21 16 0
23 16 0
4 3 -1
23 15 0
-1109890608 1037593040
2
2 7 1
3 7 1
0 4 -1
8 4 1
-1110211427 1037272221
2
15 11 0
8 4 1
16 12 0
5 5 -1
-1107183243 1040300405
2
0 7 0
17 11 0
0 5 0
17 10 -1
-1111535388 1035948260
5
8 6 1
0 2 2
13 23 0
1 13 0
12 23 0
0 4 1
3 3 2
0 5 1
3 3 -1
0 6 1
-1113760759 1033722889
2
0 7 1
0 1 2
1 8 -1
0 0 2
-1110241935 1037241713
2
2 1 1
0 12 0
12 7 -1
0 14 0
-1109955480 1037528168
2
5 7 1
8 15 0
1 4 2
0 14 -1
-1111839598 1035644050
2
7 14 0
2 1 2
4 8 -1
4 4 1
-1106763805 1040719843
2
5 3 2
9 5 1
3 1 -1
9 6 1
-1111630374 1035853274
2
4 2 1
11 23 0
5 3 -1
12 23 0
-1108749165 1038734483
2
10 7 1
22 19 0
5 0 -1
22 18 0
-1110800254 1036683394
3
10 20 0
1 2 2
2 9 -1
10 11 0
9 4 -1
11 9 0
-1112186499 1035297149
2
4 3 2
9 4 1
8 6 1
3 2 -1
-1109924106 1037559542
2
17 7 0
17 9 0
6 16 -1
17 6 0
-1109407445 1038076203
3
8 6 1
2 5 2
1 3 -1
9 13 0
9 4 -1
2 3 2
-1112357492 1035126156
4
10 12 0
6 2 1
10 11 0
11 4 0
9 2 -1
3 1 2
2 10 -1
13 4 0
-1108758466 1038725182
2
3 7 1
4 4 1
3 1 -1
3 4 1
-1105412014 1042071634
2
0 4 2
4 15 0
0 8 1
4 5 -1
-1113161946 1034321702
2
5 4 1
13 9 0
0 8 -1
13 10 0
-1108727884 1038755764
2
6 2 1
8 4 1
3 1 2
17 12 -1
-1108292464 1039191184
2
15 11 0
16 5 0
16 6 0
17 12 -1
-1106479347 1041004301
2
13 9 0
0 9 1
11 7 -1
1 20 0
-1106327497 1041156151
3
16 4 0
8 4 1
11 7 -1
9 6 1
20 23 -1
4 4 2
-1110432819 1037050829
2
1 18 0
9 7 0
1 17 0
6 11 -1
-1108966636 1038517012
3
4 3 2
2 5 1
4 2 2
14 3 -1
19 9 0
11 9 -1
-1111091128 1036392520
2
11 13 0
11 4 1
19 9 -1
11 5 1
-1110160048 1037323600
2
13 19 0
3 6 1
7 2 -1
5 12 0
-1112393156 1035090492
4
9 13 0
13 18 0
4 9 1
0 11 -1
4 8 1
0 6 -1
2 4 2
14 1 -1
-1107196889 1040286759
2
11 8 0
14 9 0
15 10 0
11 2 -1
-1105848801 1041634847
2
3 8 1
4 10 1
2 5 2
4 10 -1
-1112287191 1035196457
4
4 1 2
10 8 0
6 1 1
1 5 -1
16 1 0
1 10 -1
14 7 0
2 3 -1
-1112594360 1034889288
4
2 3 0
0 1 0
3 1 0
0 1 1
1 0 1
0 2 0
2 2 0
0 0 1
-1108704576 1038779072
2
8 6 1
8 4 1
8 7 1
0 1 -1
-1106433982 1041049666
2
0 3 0
2 1 1
0 0 1
2 16 -1
-1110473035 1037010613
2
6 19 0
2 5 2
6 18 0
10 8 -1
-1110382154 1037101494
2
8 21 0
3 11 1
5 11 -1
2 5 2
-1110439414 1037044234
2
4 4 2
8 10 1
9 7 1
7 4 -1
-1112789652 1034693996
5
4 3 2
2 4 2
18 12 0
8 23 0
19 12 0
3 10 1
16 23 0
2 5 2
19 13 0
2 5 -1
-1112938118 1034545530
2
4 6 1
8 4 1
8 11 0
3 7 -1
-1113290883 1034192765
2
3 4 2
10 15 0
12 13 0
5 21 -1
-1111989025 1035494623
2
2 4 2
19 9 0
9 23 0
4 3 2
-1114000493 1033483155
2
3 8 1
6 18 0
6 15 0
1 5 -1
-1107632595 1039851053
2
9 20 0
2 5 2
0 3 -1
10 17 0
-1111527048 1035956600
3
10 2 0
5 9 1
6 7 -1
4 7 1
3 3 -1
2 2 2
-1111248196 1036235452
2
14 12 0
2 0 2
6 7 -1
10 1 0
-1110906679 1036576969
3
10 15 0
9 2 1
5 5 -1
4 0 2
1 4 -1
18 4 0
-1107469821 1040013827
2
17 12 0
8 4 1
2 6 -1
16 11 0
-1107070864 1040412784
3
7 0 1
18 13 0
13 0 0
4 2 2
4 1 -1
4 3 2
-1109540875 1037942773
2
1 10 0
0 15 0
11 6 -1
1 17 0
-1110408159 1037075489
3
9 8 1
12 16 0
12 17 0
0 9 -1
8 11 1
20 13 -1
-1108300723 1039182925
2
11 5 0
8 4 1
4 8 -1
4 2 2
-1107280963 1040202685
2
16 9 0
4 2 2
3 8 -1
8 4 1
-1106487195 1040996453
2
6 11 1
11 21 0
3 5 2
5 5 -1
-1110730432 1036753216
2
11 1 0
4 5 1
13 1 0
4 5 -1
-1112655653 1034827995
2
14 4 0
12 2 0
4 3 -1
10 2 0
-1107223093 1040260555
2
3 2 2
9 9 0
6 4 1
7 7 -1
-1110461750 1037021898
3
5 4 1
13 8 0
6 4 -1
8 3 1
6 4 -1
7 4 1
-1111015840 1036467808
2
5 2 1
10 22 0
5 11 1
11 22 0
-1111490681 1035992967
2
16 13 0
8 4 1
9 7 1
14 12 -1
-1111205443 1036278205
2
13 13 0
16 13 0
5 3 2
22 6 -1
-1111301265 1036182383
4
4 4 2
21 0 0
4 3 2
5 2 -1
3 4 2
17 5 -1
4 5 2
7 23 -1
-1114174683 1033308965
2
4 0 2
15 23 0
16 1 0
1 10 -1
-1111547620 1035936028
2
4 11 0
15 2 0
6 2 -1
6 1 1
-1111966049 1035517599
2
6 2 1
8 4 1
3 1 2
8 4 -1
-1108861492 1038622156
3
13 9 0
11 10 0
14 15 -1
1 3 1
5 2 -1
11 11 0
-1105335466 1042148182
2
5 6 1
1 2 2
1 2 -1
1 5 1
-1111064864 1036418784
2
11 1 1
10 2 1
5 0 2
4 3 -1
-1113388528 1034095120
2
11 8 1
23 23 0
11 9 1
4 2 -1
-1112064893 1035418755
2
5 10 0
18 0 0
2 2 -1
10 1 1
-1113563840 1033919808
2
20 7 0
8 4 1
4 3 2
4 0 -1
-1110785850 1036697798
2
10 5 1
11 5 1
4 4 -1
11 6 1
-1110097469 1037386179
3
14 0 0
8 7 1
15 0 0
5 2 -1
16 1 0
15 10 -1
-1111225479 1036258169
2
2 1 2
17 2 0
2 1 -1
18 2 0
-1113026581 1034457067
2
13 15 0
9 5 0
8 7 -1
4 2 1
-1111732285 1035751363
2
4 6 1
3 4 1
0 17 -1
2 2 2
-1109618618 1037865030
2
14 17 0
7 8 1
8 9 -1
6 8 1
-1110278809 1037204839
2
10 7 1
15 14 0
4 1 -1
6 4 1
-1110268663 1037214985
2
3 8 1
13 17 0
12 19 0
10 9 -1
-1110463897 1037019751
2
7 2 1
6 3 0
12 4 0
11 2 -1
-1111876322 1035607326
4
2 10 1
17 9 0
1 3 2
10 2 -1
6 23 0
23 20 -1
1 8 1
0 3 -1
-1109300040 1038183608
2
9 2 0
2 4 2
9 8 -1
2 2 2
-1109377513 1038106135
2
3 1 2
8 2 1
16 6 0
4 5 -1
-1109203773 1038279875
2
3 1 2
8 4 1
6 2 1
8 4 -1
-1110290456 1037193192
2
5 3 2
9 2 0
6 0 -1
5 1 1
-1110415854 1037067794
2
3 5 1
0 6 1
16 23 -1
0 3 2
-1113356487 1034127161
4
0 3 2
2 5 1
0 2 2
3 5 -1
0 12 0
2 2 -1
0 5 1
13 19 -1
-1111973190 1035510458
2
11 10 0
5 1 2
11 11 0
5 1 -1
-1106961584 1040522064
2
5 0 2
2 10 1
2 4 -1
2 8 1
-1111772442 1035711206
4
16 14 0
18 13 0
2 0 -1
14 14 0
8 11 -1
7 8 1
4 5 -1
7 6 1
-1109808968 1037674680
2
8 2 0
5 4 1
9 2 0
14 14 -1
-1108501491 1038982157
2
3 11 1
11 0 0
5 20 0
4 2 -1
-1112183656 1035299992
2
2 3 2
3 4 1
2 4 2
4 2 -1
-1110969843 1036513805
3
10 5 0
11 2 0
4 5 -1
3 0 2
3 3 -1
10 2 0
-1109702857 1037780791
2
15 1 0
7 5 1
15 1 -1
4 2 2
-1111256959 1036226689
4
9 22 0
9 20 0
5 8 1
5 5 -1
2 4 2
0 22 -1
6 19 0
3 4 -1
-1105396844 1042086804
3
1 3 2
0 0 0
4 9 1
10 5 -1
10 12 0
0 0 -1
-1112445766 1035037882
2
1 0 0
20 14 0
6 7 -1
19 14 0
-1111587173 1035896475
2
13 14 0
2 5 0
4 15 -1
1 7 0
-1110848218 1036635430
2
17 9 0
8 4 1
7 11 -1
4 2 2
-1111009563 1036474085
2
17 12 0
15 9 0
9 6 1
10 8 -1
-1110000002 1037483646
2
0 0 2
9 6 1
0 1 2
7 17 -1
-1111918659 1035564989
3
3 3 2
0 5 0
3 4 1
2 8 -1
15 6 0
22 9 -1
-1113936970 1033546678
4
15 12 0
4 4 2
15 6 -1
7 7 1
15 6 -1
13 12 0
1 1 -1
4 2 2
-1112288309 1035195339
2
3 12 0
9 14 0
15 6 -1
1 2 2
-1108988031 1038495617
2
12 11 0
9 4 1
12 12 0
5 4 -1
-1105934295 1041549353
3
23 23 0
19 17 0
6 3 -1
16 14 0
7 4 -1
17 15 0
-1108552227 1038931421
2
9 2 1
11 10 1
5 7 -1
23 18 0
-1112394997 1035088651
3
0 4 1
2 9 0
0 9 0
0 2 -1
0 2 2
0 1 -1
-1111036456 1036447192
2
12 11 0
1 18 0
0 9 -1
0 5 2
-1110690773 1036792875
2
5 10 0
10 10 0
4 6 1
6 18 -1
-1112511784 1034971864
2
13 13 0
5 1 2
12 13 -1
11 3 1
-1114061016 1033422632
2
10 5 1
4 1 2
19 22 -1
12 5 0
-1111653612 1035830036
2
8 0 0
3 0 0
6 0 0
12 3 -1
-1111228712 1036254936
2
9 7 1
12 10 0
6 0 -1
12 11 0
-1111342202 1036141446
4
3 20 0
20 10 0
1 9 1
20 15 -1
3 21 0
5 2 -1
2 19 0
12 10 -1
-1108660373 1038823275
2
2 3 2
3 4 1
4 6 1
1 6 -1
-1109803541 1037680107
3
5 1 2
3 5 1
11 3 1
3 5 -1
11 4 1
7 0 -1
-1110669569 1036814079
3
8 10 1
23 0 0
6 5 1
3 5 -1
7 6 1
7 0 -1
-1113975719 1033507929
2
2 2 1
7 12 0
7 14 -1
3 4 1
-1110572772 1036910876
2
5 6 1
13 12 0
3 3 2
3 4 -1
-1113000890 1034482758
2
11 11 0
23 19 0
18 4 -1
11 10 1
-1109901883 1037581765
2
7 12 0
8 11 0
2 3 -1
4 5 1
-1106671805 1040811843
2
11 0 1
3 19 0
11 11 -1
3 18 0
-1106483863 1040999785
2
11 11 1
13 6 0
1 11 -1
15 5 0
-1111182277 1036301371
2
8 9 0
5 1 2
8 9 -1
11 3 1
-1107641619 1039842029
4
6 6 0
7 8 0
4 2 2
0 8 -1
8 4 1
15 16 -1
3 3 2
8 7 -1
-1111710036 1035773612
2
4 22 0
2 5 2
3 20 0
8 4 -1
-1109197171 1038286477
2
12 11 0
0 3 1
6 0 -1
0 1 2
-1109302180 1038181468
2
0 12 0
3 23 0
0 7 1
1 9 -1
-1112075790 1035407858
2
7 11 1
0 2 2
0 5 -1
0 3 2
-1112455651 1035027997
2
8 10 0
4 5 2
8 10 -1
3 4 2
-1114563051 1032920597
2
13 2 0
4 3 2
3 4 -1
3 5 2
-1113200456 1034283192
2
1 23 0
9 7 0
1 22 0
0 3 -1
-1112882336 1034601312
2
1 16 0
0 23 0
0 15 0
14 12 -1
-1112920532 1034563116
2
13 22 0
5 0 1
8 0 -1
3 1 1
-1111872297 1035611351
2
13 7 0
3 17 0
13 7 -1
2 10 1
-1113168867 1034314781
2
20 15 0
7 9 1
20 16 0
3 17 -1
-1111500166 1035983482
5
10 2 0
10 3 1
12 2 0
18 1 0
11 1 0
21 13 0
13 2 0
21 11 0
11 2 0
19 2 0
-1110494031 1036989617
2
16 6 0
15 8 0
3 1 2
18 1 -1
-1110805989 1036677659
2
19 8 0
9 4 1
3 1 -1
8 4 1
-1112068681 1035414967
2
10 15 0
3 0 2
3 18 -1
3 1 2
-1112726895 1034756753
2
3 2 2
7 11 1
3 3 2
3 1 -1
-1112921527 1034562121
2
11 17 0
11 15 0
10 9 -1
10 15 0
-1106509206 1040974442
2
5 2 1
8 4 1
10 4 0
8 4 -1
-1106993300 1040490348
2
9 3 0
9 2 0
10 4 -1
10 1 0
-1109793179 1037690469
2
23 13 0
14 5 0
11 10 1
7 14 -1
-1113668473 1033815175
2
4 5 2
9 3 1
4 4 2
8 3 -1
-1111079151 1036404497
3
12 5 0
3 7 1
4 4 -1
4 11 1
15 7 -1
2 5 2
-1113520811 1033962837
2
11 15 0
5 7 1
4 4 -1
9 15 0
-1112305603 1035178045
2
9 0 1
11 8 1
7 1 -1
11 7 1
-1111728070 1035755578
5
1 11 0
4 4 1
1 12 0
5 3 1
1 10 0
8 8 0
1 9 0
16 8 0
1 9 -1
11 6 0
-1111072486 1036411162
