13
-1061632029
5
6 5 1
3 5 2
10 3 0
4 4 1
3 1 2
14 8 0
12 2 0
8 4 1
14 2 0
4 2 2
-1074106187 1073377461
5
10 4 0
1 2 0
6 13 0
4 4 1
11 4 0
8 4 1
5 2 1
1 4 0
12 4 0
1 3 0
-1079928944 1067554704
3
18 12 0
7 4 1
6 4 1
4 2 -1
12 8 0
8 4 -1
-1081652780 1065830868
5
7 13 0
3 4 1
5 12 0
3 5 -1
6 3 1
0 5 -1
3 8 1
1 10 -1
17 13 0
8 4 -1
-1082612762 1064870886
5
16 1 0
23 2 0
7 1 1
23 14 0
16 2 0
23 1 0
7 0 1
11 2 1
7 0 -1
5 1 2
-1085047943 1062435705
3
9 7 1
8 10 1
18 14 0
4 2 2
16 2 -1
9 4 1
-1084719986 1062763662
4
3 7 1
3 4 1
16 4 -1
9 9 0
1 5 -1
4 7 1
22 11 -1
2 5 2
-1087747255 1059736393
5
4 0 1
0 15 0
7 2 0
0 16 0
8 2 0
1 19 0
8 1 0
0 0 1
9 1 0
0 14 0
-1088797216 1058686432
5
4 2 2
8 4 1
4 5 2
5 2 -1
7 6 1
10 5 -1
8 7 1
0 3 -1
12 10 0
0 14 -1
-1087305490 1060178158
2
11 13 0
3 4 1
0 4 -1
14 16 0
-1089614268 1057869380
5
17 3 0
21 0 0
8 1 1
22 1 0
18 3 0
5 0 2
4 0 2
11 1 1
4 0 -1
22 2 0
-1089654892 1057828756
4
7 13 0
4 4 1
8 12 0
0 1 -1
2 2 2
23 1 -1
11 7 0
3 11 -1
-1087690596 1059793052
5
4 4 2
0 10 1
18 16 0
1 21 0
8 7 1
1 23 0
9 7 1
1 22 0
15 23 0
1 22 -1
-1091673078 1055810570
