22
-1061831434
5
11 4 0
7 8 1
3 0 2
4 4 1
17 13 0
14 8 0
14 2 0
23 4 0
13 3 0
11 0 1
-1077256001 1070227647
5
7 12 0
4 4 1
12 8 0
9 8 0
6 3 1
8 4 1
12 10 0
15 8 0
12 9 0
15 8 -1
-1078861482 1068622166
3
4 1 1
2 5 2
2 4 2
3 4 1
10 1 0
8 4 -1
-1084255947 1063227701
5
3 2 2
8 4 1
17 12 0
3 4 1
6 4 1
7 4 -1
6 14 0
5 4 -1
16 12 0
15 8 -1
-1084604774 1062878874
5
5 3 0
0 5 0
6 3 0
0 4 0
7 3 0
0 3 0
4 1 1
0 2 0
8 3 0
1 0 0
-1086465154 1061018494
3
18 14 0
8 10 1
9 7 1
14 9 0
0 0 -1
8 4 1
-1087819582 1059664066
2
9 18 0
10 16 0
5 13 0
3 4 -1
-1086963876 1060519772
5
11 10 0
5 4 2
11 12 0
21 22 0
11 11 0
22 17 0
11 13 0
22 19 0
6 6 -1
22 18 0
-1088498328 1058985320
4
8 7 1
8 4 1
9 7 1
5 18 -1
15 23 0
0 4 -1
4 4 2
3 9 -1
-1087770062 1059713586
5
11 4 0
4 4 1
10 4 0
6 9 1
12 4 0
8 9 0
11 5 0
2 2 2
11 5 -1
8 4 1
-1089648510 1057835138
5
2 10 1
0 5 2
2 9 1
0 9 1
3 14 0
0 10 1
3 13 0
0 19 0
4 15 0
0 18 -1
-1090857971 1056625677
2
11 13 0
9 15 0
11 12 0
2 2 -1
-1089666349 1057817299
5
2 5 1
6 9 0
4 11 0
2 1 -1
3 6 1
11 5 -1
3 9 0
11 20 -1
4 12 0
0 18 -1
-1091742014 1055741634
5
18 2 0
22 0 0
9 0 1
23 2 0
17 2 0
11 0 1
19 2 0
23 1 0
16 1 0
23 1 -1
-1090245304 1057238344
5
5 17 0
7 8 0
5 16 0
6 1 -1
6 15 0
2 2 -1
7 23 0
5 3 -1
6 22 0
23 1 -1
-1092212405 1055271243
5
12 14 0
3 19 0
12 13 -1
2 4 0
11 18 -1
4 23 0
10 4 -1
1 13 0
6 22 -1
2 16 0
-1092146310 1055337338
4
11 7 0
7 4 1
16 11 0
14 7 0
11 8 0
10 10 -1
17 12 0
4 4 -1
-1090300142 1057183506
2
3 8 1
4 10 1
3 7 1
2 2 -1
-1091545025 1055938623
2
3 0 1
4 1 0
9 1 0
5 0 0
-1093798939 1053684709
2
14 3 0
9 4 1
16 3 0
14 21 0
-1093687617 1053796031
2
9 7 1
8 7 1
1 1 -1
9 4 1
-1093365070 1054118578
2
1 8 0
20 3 0
0 3 2
0 3 -1
-1096047796 1051435852
