20
-1061983401
5
17 13 0
14 8 0
11 4 0
4 4 1
6 4 1
8 4 1
14 3 0
7 4 1
9 3 0
8 8 0
-1074094394 1073389254
5
3 7 1
3 4 1
9 2 0
8 4 1
10 2 0
4 10 1
11 3 0
2 2 2
11 3 -1
5 8 1
-1080234739 1067248909
5
12 12 0
0 2 0
12 9 0
0 1 0
12 10 0
0 3 0
5 12 0
0 0 0
12 11 0
0 0 -1
-1084965369 1062518279
5
9 7 1
23 13 0
18 14 -1
4 5 2
9 19 -1
23 14 0
9 5 -1
23 16 0
12 11 -1
8 4 1
-1084956149 1062527499
5
12 13 0
4 2 2
12 11 0
6 8 1
12 12 0
8 4 1
6 6 -1
4 4 1
1 5 -1
9 4 1
-1085530141 1061953507
4
12 5 0
8 4 1
11 5 0
3 4 1
11 6 0
2 17 -1
6 13 0
8 2 -1
-1086053014 1061430634
5
3 0 2
22 0 0
14 2 0
23 3 0
12 2 0
22 1 0
15 2 0
23 2 0
13 2 0
7 4 1
-1088770656 1058712992
5
16 12 0
8 4 1
15 11 0
2 1 -1
18 12 0
22 1 -1
19 12 0
23 2 -1
9 9 1
21 20 -1
-1087990994 1059492654
3
4 0 1
1 2 1
7 2 0
2 0 0
7 2 -1
2 2 0
-1091162551 1056321097
3
4 6 1
9 9 0
11 9 0
2 4 -1
11 8 0
8 5 -1
-1088707933 1058775715
4
2 4 2
9 21 0
7 23 0
3 2 -1
6 21 0
8 5 -1
6 22 0
17 1 -1
-1090243904 1057239744
2
2 4 2
3 4 1
8 12 0
0 4 -1
-1090069173 1057414475
5
4 15 0
0 23 0
5 12 0
0 10 1
1 3 2
0 22 0
8 23 0
0 21 0
4 12 0
0 11 -1
-1090734845 1056748803
2
21 13 0
23 23 0
5 4 2
4 5 -1
-1092439882 1055043766
2
15 2 0
19 2 0
17 3 0
20 1 0
-1093693460 1053790188
5
12 14 0
8 10 1
1 2 -1
13 9 0
8 13 -1
15 15 0
17 6 -1
15 14 0
4 12 -1
7 8 1
-1091521398 1055962250
2
8 7 1
4 2 2
5 4 -1
13 21 0
-1092573754 1054909894
2
3 7 1
4 7 1
4 0 -1
2 5 2
-1092849400 1054634248
4
4 3 2
7 8 0
14 23 0
8 0 -1
3 2 2
2 1 -1
11 5 0
16 15 -1
-1093731517 1053752131
2
9 0 0
2 3 2
8 0 0
2 5 2
-1092625962 1054857686
