564
-1064268033
5
15 3 0
6 8 1
9 6 1
14 7 0
8 3 0
9 8 0
12 0 0
22 17 0
11 8 0
23 3 0
-1081759832 1065723816
5
12 9 0
4 3 1
13 4 0
6 8 1
11 4 0
10 7 0
14 4 0
4 10 1
12 5 0
15 9 0
-1088836053 1058647595
5
7 2 0
3 4 1
5 13 0
0 3 1
6 2 0
4 10 1
8 1 0
1 3 0
8 1 -1
0 13 0
-1093568193 1053915455
5
11 9 0
8 4 1
2 4 2
4 4 1
2 2 2
1 16 -1
11 7 0
14 5 -1
16 11 0
0 13 -1
-1091894275 1055589373
2
14 18 0
8 10 1
14 18 -1
13 16 0
-1092887971 1054595677
5
15 1 0
21 1 0
17 2 0
22 5 0
16 1 0
22 3 0
8 0 1
22 4 0
18 2 0
22 2 -1
-1096019129 1051464519
2
15 23 0
7 10 1
4 3 2
3 6 -1
-1097048108 1050435540
5
3 10 1
3 4 1
6 11 0
5 9 -1
4 8 1
6 9 -1
3 3 1
3 9 -1
11 8 0
0 0 -1
-1097559622 1049924026
3
11 11 0
10 10 0
11 13 0
10 11 0
2 16 -1
9 14 0
-1095476985 1052006663
2
8 12 0
4 11 1
4 6 1
5 11 -1
-1096572803 1050910845
5
10 3 0
14 13 0
11 4 0
18 1 0
13 3 0
20 15 0
3 0 2
19 2 0
12 1 0
15 18 0
-1097373172 1050110476
5
20 12 0
9 4 1
14 12 0
2 12 -1
10 4 1
9 5 -1
12 10 0
9 9 -1
12 11 0
9 14 -1
-1097643561 1049840087
5
3 15 0
0 20 0
3 16 0
0 10 1
3 14 0
0 5 2
4 21 0
0 21 0
2 12 0
0 21 -1
-1098446409 1049037239
2
18 16 0
14 8 0
8 7 1
0 10 -1
-1098545596 1048938052
4
12 14 0
14 13 0
4 3 -1
10 5 1
16 8 -1
20 16 0
1 3 -1
13 9 0
-1099204847 1048278801
5
3 7 1
1 3 1
8 2 -1
9 14 0
2 1 -1
2 9 1
3 2 -1
1 7 1
3 4 -1
1 2 1
-1098069300 1049414348
5
4 2 0
0 3 0
1 1 1
0 1 1
3 2 0
0 2 0
2 4 0
0 0 2
3 3 0
0 0 -1
-1100154418 1047329230
4
4 6 1
3 4 1
8 11 0
10 4 -1
7 11 0
2 4 -1
9 10 0
20 8 -1
-1098770508 1048713140
2
1 3 2
8 15 0
8 11 -1
2 5 2
-1101300644 1046183004
2
17 13 0
14 11 0
0 10 -1
14 10 0
-1098687207 1048796441
5
22 16 0
8 4 1
22 18 0
4 2 2
22 17 0
15 7 0
5 2 2
6 11 1
22 15 0
6 11 -1
-1102925644 1044558004
5
16 12 0
11 11 1
9 6 1
23 23 0
8 6 1
23 22 0
17 22 0
23 21 0
15 12 0
22 23 -1
-1100518386 1046965262
5
5 22 0
9 8 0
2 3 2
4 4 -1
4 15 0
23 22 -1
4 20 0
7 19 -1
9 18 0
22 23 -1
-1102180328 1045303320
5
8 3 0
5 0 0
6 3 0
5 1 0
9 3 0
4 1 0
7 3 0
4 2 0
3 1 1
4 0 -1
-1099253527 1048230121
2
2 3 2
3 4 1
3 3 2
6 6 -1
-1100968928 1046514720
5
1 17 0
4 2 2
1 15 0
4 5 2
0 6 1
7 9 1
1 16 0
4 4 2
0 10 0
8 4 -1
-1102223154 1045260494
5
12 10 0
4 21 0
12 9 0
3 18 0
12 11 0
3 17 0
13 13 0
5 23 0
13 13 -1
3 16 0
-1100524970 1046958678
4
5 13 0
6 9 0
6 7 0
15 20 -1
5 9 1
7 7 -1
9 23 0
5 23 -1
-1102559996 1044923652
2
6 4 1
8 4 1
3 2 2
23 2 -1
-1100683804 1046799844
2
9 18 0
5 8 1
7 0 0
7 10 1
-1104246222 1043237426
2
4 11 1
10 16 0
6 16 0
9 7 -1
-1105050607 1042433041
4
11 11 0
13 11 0
11 10 0
13 9 0
11 12 0
13 10 0
11 13 0
9 4 1
-1101137607 1046346041
4
12 7 0
10 21 0
6 11 1
0 3 -1
7 8 1
19 12 -1
6 4 1
7 11 -1
-1104995036 1042488612
2
4 3 2
9 4 1
4 4 2
1 7 -1
-1102482592 1045001056
2
19 21 0
7 3 1
19 20 0
7 13 -1
-1106073079 1041410569
5
12 0 0
6 1 0
9 2 0
4 3 0
13 2 0
5 5 1
11 0 0
5 2 0
5 0 1
5 6 1
-1101995000 1045488648
5
4 11 1
23 0 0
3 3 2
5 4 -1
2 3 2
11 10 -1
5 7 0
5 2 -1
7 17 0
5 6 -1
-1106262324 1041221324
2
20 12 0
20 21 0
17 3 -1
19 23 0
-1103684448 1043799200
2
2 12 0
2 2 2
1 8 0
8 16 -1
-1105627167 1041856481
2
16 4 0
7 9 1
5 5 -1
8 1 1
-1107077876 1040405772
2
2 0 1
1 5 0
2 1 1
8 1 -1
-1104744898 1042738750
2
1 12 0
2 23 0
1 10 1
20 9 -1
-1106302299 1041181349
4
11 14 0
13 6 0
0 3 -1
14 7 0
0 9 -1
7 11 0
2 22 -1
3 1 2
-1105859168 1041624480
2
14 2 0
4 4 2
0 3 -1
4 3 2
-1107083443 1040400205
2
23 18 0
3 1 1
11 11 1
2 21 -1
-1106175443 1041308205
2
9 17 0
4 10 1
9 14 -1
5 8 1
-1103745097 1043738551
2
9 7 1
18 17 0
18 14 0
9 8 -1
-1101812295 1045671353
2
2 4 2
4 10 1
8 22 0
3 1 -1
-1106659077 1040824571
2
5 4 2
11 8 1
22 9 -1
23 14 0
-1106575837 1040907811
3
23 8 0
10 4 1
5 2 2
10 4 -1
5 1 2
2 2 -1
-1104389163 1043094485
2
11 14 0
3 4 1
11 23 -1
11 13 0
-1103459186 1044024462
2
3 7 1
4 4 1
2 0 -1
3 4 1
-1101200708 1046282940
2
12 19 0
9 10 1
1 13 -1
12 18 0
-1103518987 1043964661
2
10 11 1
4 5 2
10 10 1
1 11 -1
-1104709580 1042774068
5
9 3 1
23 3 0
12 5 0
23 4 0
4 2 2
23 6 0
8 9 1
23 5 0
8 8 1
23 5 -1
-1105786751 1041696897
2
2 3 2
3 4 1
4 6 1
9 6 -1
-1103793218 1043690430
5
13 11 0
5 5 0
13 10 0
5 15 0
13 9 0
15 9 0
7 6 1
5 9 1
7 6 -1
2 1 2
-1105500289 1041983359
2
19 21 0
14 15 0
7 7 1
10 4 -1
-1107073560 1040410088
2
5 3 2
21 23 0
5 4 2
0 5 -1
-1103184667 1044298981
2
2 0 1
3 1 0
0 0 -1
2 2 0
-1106152109 1041331539
2
9 4 0
5 0 1
0 0 -1
12 1 0
-1107535636 1039948012
5
14 0 0
4 2 2
16 1 0
8 3 1
12 0 0
8 4 1
15 0 0
4 1 2
13 0 0
9 3 -1
-1105801771 1041681877
3
4 11 1
9 1 1
17 14 -1
8 4 1
2 1 -1
17 0 0
-1108072624 1039411024
2
18 17 0
8 4 1
9 7 1
4 7 -1
-1104933798 1042549850
2
0 3 1
10 6 1
0 0 2
11 5 -1
-1106816610 1040667038
5
21 17 0
0 4 1
21 16 0
0 9 0
21 19 0
0 11 0
21 18 0
0 6 1
20 21 0
0 6 -1
-1106570803 1040912845
2
12 7 0
8 4 1
0 1 -1
11 17 0
-1106988758 1040494890
4
13 15 0
3 2 2
0 0 -1
7 7 1
0 0 -1
4 5 2
0 0 -1
6 9 1
-1107033849 1040449799
2
2 3 2
2 4 1
9 12 0
0 0 -1
-1107530873 1039952775
2
10 6 1
20 19 0
3 1 -1
21 14 0
-1106744437 1040739211
5
5 1 2
7 3 1
22 4 0
13 6 0
22 3 0
14 6 0
11 3 1
8 3 1
22 2 -1
15 7 0
-1106565525 1040918123
2
12 5 0
16 8 0
19 15 -1
4 2 2
-1108241695 1039241953
2
1 11 1
5 3 1
0 9 1
0 3 -1
-1107204356 1040279292
4
8 6 1
13 11 0
3 7 -1
14 13 0
4 5 -1
11 3 1
2 3 -1
11 5 1
-1105988463 1041495185
2
11 5 0
8 4 1
11 6 0
4 2 -1
-1102711771 1044771877
2
5 6 1
9 15 0
9 17 0
4 11 -1
-1102814150 1044669498
3
6 6 1
11 8 0
3 3 2
10 11 0
6 5 1
4 5 -1
-1107970570 1039513078
2
8 0 1
19 1 0
16 1 -1
17 0 0
-1106558481 1040925167
2
21 4 0
11 0 1
20 1 0
5 0 2
-1104342976 1043140672
2
8 6 1
8 4 1
4 3 2
9 10 -1
-1102972952 1044510696
2
10 0 1
13 6 0
1 0 -1
12 5 0
-1104280235 1043203413
2
5 3 1
3 1 2
4 11 -1
17 3 0
-1106689853 1040793795
2
12 4 0
3 1 2
13 4 0
3 1 -1
-1103332656 1044150992
2
3 2 2
8 4 1
18 7 0
1 4 -1
-1107112401 1040371247
2
16 8 0
8 4 1
6 2 1
9 19 -1
-1106413033 1041070615
3
12 13 0
0 16 0
3 3 -1
1 18 0
14 15 -1
0 15 0
-1107079891 1040403757
2
3 3 2
7 10 1
1 4 -1
14 14 0
-1107815217 1039668431
2
9 6 1
8 4 1
16 10 0
8 4 -1
-1107198088 1040285560
2
7 4 0
7 3 0
11 4 0
23 11 -1
-1106470750 1041012898
5
2 1 1
11 6 0
4 2 0
9 5 0
3 0 1
4 3 1
4 1 0
9 6 0
4 1 -1
5 3 1
-1106535535 1040948113
2
6 14 0
2 2 2
0 1 -1
5 9 1
-1105198648 1042285000
2
6 7 0
3 3 1
7 12 0
22 16 -1
-1107170526 1040313122
2
10 1 0
2 2 2
4 1 1
6 21 -1
-1110143562 1037340086
2
13 11 0
12 5 0
1 6 -1
6 2 1
-1106327729 1041155919
5
10 4 0
4 2 2
5 3 1
7 8 1
11 4 0
13 9 0
10 6 0
8 4 1
10 5 0
4 4 -1
-1105959282 1041524366
4
7 11 1
0 0 0
8 3 1
7 12 -1
7 4 1
3 2 -1
8 7 1
8 4 -1
-1109179909 1038303739
2
0 4 2
10 7 0
0 7 1
1 0 -1
-1109484925 1037998723
2
11 19 0
11 17 0
5 5 -1
5 10 1
-1106429646 1041054002
2
11 4 0
7 8 0
12 4 0
5 3 -1
-1103055149 1044428499
3
4 2 2
3 1 1
8 9 1
19 16 -1
4 4 2
3 5 -1
-1106927451 1040556197
2
3 0 1
2 15 0
7 1 0
3 2 -1
-1110756688 1036726960
2
0 2 2
9 5 1
4 0 -1
16 11 0
-1106298855 1041184793
2
14 23 0
13 15 0
15 16 0
3 1 -1
-1107746302 1039737346
2
4 0 1
3 0 1
3 1 -1
7 0 0
-1107143645 1040340003
2
7 12 0
4 5 1
6 12 0
8 4 -1
-1103080238 1044403410
5
4 1 0
4 4 1
1 0 2
8 10 0
2 0 1
7 11 0
4 0 0
8 4 1
5 6 1
6 4 1
-1106713117 1040770531
2
12 15 0
7 16 0
12 8 -1
15 14 0
-1107254051 1040229597
2
4 3 2
4 2 2
8 6 1
6 8 -1
-1107333417 1040150231
2
14 19 0
7 11 1
4 23 -1
14 18 0
-1103246910 1044236738
2
4 7 1
2 5 2
2 4 2
22 19 -1
-1109473199 1038010449
2
8 7 1
14 15 0
15 17 0
4 5 2
-1107891158 1039592490
2
10 9 1
23 19 0
11 8 -1
5 4 2
-1110340550 1037143098
2
11 7 0
4 4 1
1 9 -1
4 5 1
-1107172630 1040311018
2
14 6 0
4 4 1
7 9 0
11 0 -1
-1106135944 1041347704
2
5 0 0
2 0 1
4 5 -1
2 4 0
-1109334030 1038149618
2
10 5 0
3 1 2
22 20 -1
4 2 2
-1106846503 1040637145
3
23 17 0
13 5 0
11 9 1
8 3 1
11 8 1
8 3 -1
-1106436310 1041047338
2
18 0 0
10 2 1
9 21 -1
10 1 1
-1107131504 1040352144
5
11 11 0
11 5 0
10 13 0
13 5 0
11 10 0
12 5 0
11 12 0
3 1 2
11 12 -1
8 10 0
-1108733140 1038750508
2
7 11 0
9 9 0
8 11 0
16 19 -1
-1104185838 1043297810
2
9 23 0
21 7 0
18 7 -1
21 13 0
-1109268782 1038214866
2
8 7 1
5 9 1
8 8 1
21 13 -1
-1110044757 1037438891
2
17 22 0
4 5 2
8 8 -1
8 10 1
-1107007586 1040476062
5
2 3 2
9 0 1
5 9 1
17 0 0
8 13 0
18 0 0
8 23 0
19 2 0
4 7 1
20 3 0
-1110969550 1036514098
3
16 3 0
4 3 2
15 3 0
8 6 1
2 13 -1
4 2 2
-1106375436 1041108212
2
4 3 2
15 15 0
7 7 1
1 0 -1
-1111952045 1035531603
2
3 2 2
3 4 1
6 3 1
18 2 -1
-1107074449 1040409199
2
2 2 2
3 5 1
4 4 1
0 0 -1
-1108860407 1038623241
2
10 10 0
9 2 1
0 0 -1
4 0 2
-1111496357 1035987291
2
2 8 1
4 4 1
0 3 -1
8 14 0
-1109587772 1037895876
2
13 14 0
1 15 0
18 14 -1
1 13 0
-1106746549 1040737099
3
3 17 0
13 19 0
2 10 1
2 11 -1
2 15 0
7 0 -1
-1112034273 1035449375
2
4 0 2
8 11 1
17 2 0
5 3 -1
-1110053630 1037430018
2
15 5 0
15 3 0
21 4 -1
10 0 1
-1111473829 1036009819
2
7 13 0
8 4 1
3 8 -1
4 4 1
-1107846712 1039636936
2
7 3 1
4 2 1
22 4 -1
2 3 1
-1107282763 1040200885
4
6 21 0
2 11 1
2 10 1
3 21 0
6 22 0
4 23 0
5 20 0
4 23 -1
-1106281052 1041202596
2
7 6 1
8 4 1
2 8 -1
4 2 2
-1105877705 1041605943
4
11 6 1
13 7 0
11 5 1
7 3 1
5 2 2
8 5 -1
11 4 1
3 2 -1
-1106801240 1040682408
2
3 7 1
3 4 1
3 8 0
11 2 -1
-1110753854 1036729794
3
16 3 0
16 2 0
1 3 -1
4 0 2
5 11 -1
8 1 1
-1108733738 1038749910
2
10 8 0
19 20 0
0 1 -1
18 23 0
-1111845092 1035638556
2
17 10 0
4 2 2
4 4 -1
14 9 0
-1109220847 1038262801
5
11 2 0
6 18 0
12 3 0
4 9 1
9 2 0
2 3 2
10 2 0
2 2 2
11 3 0
2 2 -1
-1107275182 1040208466
2
0 6 1
8 5 0
1 16 0
16 16 -1
-1111110865 1036372783
2
3 2 2
8 4 1
3 3 2
17 9 -1
-1110248917 1037234731
3
2 5 1
0 3 2
5 6 -1
0 5 1
2 4 -1
0 6 1
-1106632836 1040850812
5
0 6 1
4 4 1
0 15 0
5 16 0
0 16 0
8 8 0
0 13 0
6 15 0
0 14 0
8 4 -1
-1107460099 1040023549
2
4 6 1
3 4 1
2 3 2
5 16 -1
-1106981229 1040502419
5
21 17 0
5 12 0
19 23 0
2 5 1
21 18 0
3 5 1
21 19 0
6 12 0
21 20 0
6 12 -1
-1106803775 1040679873
2
5 11 1
5 3 2
2 1 -1
11 5 1
-1112891050 1034592598
2
10 5 0
6 11 1
5 3 1
15 5 -1
-1112775575 1034708073
2
6 4 1
4 4 1
2 2 -1
3 2 2
-1109250054 1038233594
2
10 20 0
5 11 1
6 6 -1
10 17 0
-1108360463 1039123185
4
8 7 1
13 9 0
4 4 2
10 3 -1
7 5 1
5 5 -1
11 8 0
21 4 -1
-1106345155 1041138493
2
7 10 0
10 9 0
13 7 0
8 18 -1
-1105717926 1041765722
2
3 1 2
8 4 1
3 0 2
5 2 -1
-1103334198 1044149450
5
5 8 1
18 1 0
2 4 2
4 0 2
5 14 0
16 0 0
8 23 0
17 1 0
4 7 1
17 1 -1
-1107453958 1040029690
2
6 2 1
8 4 1
2 4 -1
8 3 1
-1109372778 1038110870
2
6 8 0
8 4 1
1 15 -1
3 4 1
-1108264383 1039219265
2
10 7 1
6 9 1
1 2 -1
6 4 1
-1110163021 1037320627
2
4 6 1
1 16 0
1 2 -1
10 12 0
-1110916670 1036566978
2
8 7 1
8 8 1
4 2 -1
9 10 1
-1111505251 1035978397
5
4 0 1
11 5 0
8 0 0
5 3 1
7 0 0
8 4 1
6 1 0
4 4 1
6 1 -1
10 5 0
-1110737569 1036746079
2
5 8 0
6 8 0
6 5 0
6 3 -1
-1109078654 1038404994
2
18 19 0
4 5 2
5 5 -1
21 19 0
-1109560507 1037923141
2
9 13 0
2 4 1
5 6 1
2 2 -1
-1106746897 1040736751
2
10 17 0
10 15 0
4 6 1
2 4 -1
-1108073082 1039410566
3
13 11 0
12 4 0
13 12 0
3 1 2
19 8 -1
8 4 1
-1110799659 1036683989
3
11 5 0
9 11 0
7 2 -1
2 3 2
4 1 -1
4 6 1
-1108323616 1039160032
2
10 15 0
4 0 2
7 2 -1
4 1 2
-1110209888 1037273760
5
8 0 1
5 21 0
9 1 1
5 20 0
16 1 0
6 23 0
18 1 0
4 17 0
18 1 -1
4 18 0
-1111633434 1035850214
2
6 1 1
20 2 0
7 1 1
19 1 0
-1108255070 1039228578
2
2 10 1
3 10 1
2 11 1
3 10 -1
-1107765141 1039718507
2
9 23 0
4 10 1
5 1 -1
3 4 1
-1109840525 1037643123
2
1 4 2
4 23 0
10 7 -1
3 21 0
-1110516892 1036966756
2
10 11 1
10 18 0
21 18 0
4 1 -1
-1110360677 1037122971
2
11 11 0
11 7 1
23 15 -1
11 9 1
-1110685296 1036798352
2
10 7 1
15 14 0
1 7 -1
4 4 2
-1108483707 1038999941
2
1 9 1
21 12 0
2 20 0
3 20 -1
-1112414352 1035069296
2
7 0 1
4 0 0
4 0 2
2 19 -1
-1113141090 1034342558
2
2 3 2
3 4 1
4 6 1
0 0 -1
-1110736176 1036747472
2
5 5 1
12 11 0
1 0 -1
10 4 1
-1108358117 1039125531
2
11 11 1
18 21 0
12 14 -1
16 15 0
-1113747056 1033736592
2
3 1 2
4 4 1
18 5 -1
8 4 1
-1111930482 1035553166
2
9 18 0
3 0 2
10 7 -1
6 0 1
-1111767798 1035715850
2
19 1 0
22 13 0
2 4 -1
22 15 0
-1109925520 1037558128
3
13 14 0
15 13 0
15 21 -1
7 6 1
20 10 -1
7 8 1
-1111945321 1035538327
2
9 6 1
8 4 1
9 7 1
7 8 -1
-1107283175 1040200473
2
0 5 1
5 2 1
0 3 2
10 9 -1
-1111290781 1036192867
2
14 7 0
1 17 0
11 16 -1
0 4 2
-1110129188 1037354460
2
14 17 0
8 10 1
18 18 -1
14 16 0
-1106063733 1041419915
2
6 13 0
8 12 0
11 11 -1
9 9 0
-1105686781 1041796867
2
8 2 0
3 2 2
9 2 0
3 2 -1
-1112808345 1034675303
3
21 14 0
14 5 0
21 16 0
12 12 -1
21 15 0
0 6 -1
-1112144166 1035339482
2
4 6 1
5 6 1
21 15 -1
1 5 1
-1111526986 1035956662
2
6 2 1
8 4 1
3 1 2
0 20 -1
-1110049890 1037433758
2
13 9 0
3 1 2
2 1 -1
5 2 1
-1109280744 1038202904
2
16 5 0
17 3 0
1 4 -1
8 2 1
-1106400920 1041082728
2
9 7 1
20 17 0
2 1 -1
20 16 0
-1105843510 1041640138
2
5 3 2
9 6 1
7 6 -1
9 5 1
-1108910341 1038573307
2
11 4 0
8 4 1
17 1 -1
4 2 2
-1106887465 1040596183
2
15 11 0
5 1 2
2 0 -1
14 12 0
-1109703481 1037780167
2
22 3 0
9 6 1
19 0 -1
4 4 1
-1113927944 1033555704
2
1 3 0
0 1 2
22 21 -1
0 0 2
-1112246096 1035237552
2
11 11 0
1 1 2
11 12 0
2 4 -1
-1107507347 1039976301
2
18 8 0
13 8 0
3 1 2
1 5 -1
-1109470294 1038013354
2
13 21 0
11 6 1
6 3 -1
11 5 1
-1112814345 1034669303
2
15 4 0
17 12 0
14 4 0
1 5 -1
-1114437185 1033046463
2
11 12 0
1 2 2
3 1 -1
2 4 1
-1110531425 1036952223
2
3 7 0
16 3 0
2 3 1
2 5 -1
-1111953517 1035530131
2
10 7 1
9 4 1
5 20 -1
8 6 1
-1112555786 1034927862
2
19 10 0
9 3 1
2 2 -1
4 1 2
-1111962428 1035521220
2
14 0 0
4 3 2
9 23 -1
4 2 2
-1110910309 1036573339
2
6 4 1
10 9 0
9 10 0
9 0 -1
-1111159845 1036323803
4
6 20 0
9 21 0
9 23 0
22 14 -1
10 18 0
1 2 -1
8 23 0
2 5 -1
-1104073723 1043409925
2
17 13 0
6 9 1
18 6 -1
7 11 1
-1112014504 1035469144
5
18 15 0
11 10 1
19 19 0
22 22 0
20 16 0
23 20 0
19 20 0
23 19 0
20 17 0
23 19 -1
-1111246739 1036236909
2
10 1 1
21 0 0
10 0 1
11 4 -1
-1110013148 1037470500
2
11 9 0
9 2 1
0 3 -1
4 1 2
-1113531591 1033952057
2
14 2 0
15 1 0
23 18 -1
18 2 0
-1112420530 1035063118
2
9 0 1
3 1 2
3 0 -1
12 5 0
-1108507425 1038976223
2
8 7 1
8 4 1
8 8 1
8 4 -1
-1106695363 1040788285
2
1 1 2
7 9 1
0 3 -1
19 15 0
-1110610791 1036872857
3
16 21 0
4 5 2
6 5 -1
19 21 0
4 4 -1
8 11 1
-1110990540 1036493108
2
5 6 1
10 10 0
5 6 -1
10 12 0
-1111321368 1036162280
2
6 2 1
3 4 1
11 5 0
4 7 -1
-1106815987 1040667661
3
8 4 1
2 0 0
6 10 1
18 11 -1
2 2 2
5 5 -1
-1111732547 1035751101
2
11 9 0
12 9 0
7 7 -1
3 5 1
-1111511665 1035971983
2
14 20 0
13 21 0
13 20 0
3 5 -1
-1110438082 1037045566
2
13 5 0
3 1 2
7 3 -1
4 4 1
-1108313740 1039169908
2
6 21 0
2 5 2
2 5 -1
3 10 1
-1110115748 1037367900
2
23 6 0
21 6 0
5 0 2
4 1 -1
-1110991629 1036492019
2
9 7 1
8 4 1
9 6 1
2 2 -1
-1107053859 1040429789
2
22 20 0
8 10 1
11 9 1
8 10 -1
-1110049081 1037434567
2
8 21 0
2 5 2
16 12 -1
7 23 0
-1109760689 1037722959
5
0 3 2
11 10 1
1 1 2
22 21 0
1 9 1
22 22 0
1 4 1
23 19 0
1 7 1
23 20 -1
-1112841292 1034642356
2
17 12 0
8 4 1
5 4 -1
8 5 1
-1107149162 1040334486
2
16 7 0
9 4 1
4 10 -1
15 6 0
-1109900801 1037582847
2
3 3 2
11 11 0
6 5 1
12 23 -1
-1112969806 1034513842
2
5 14 0
4 18 0
2 7 1
17 16 -1
-1106487168 1040996480
3
10 12 0
7 1 1
1 5 -1
11 2 0
1 4 -1
5 1 1
-1112612112 1034871536
2
7 3 0
2 2 2
6 9 -1
2 3 2
-1109304915 1038178733
2
13 22 0
8 4 1
6 9 -1
4 3 2
-1113198923 1034284725
5
12 0 0
16 10 0
9 0 0
5 3 1
10 0 0
10 6 0
11 0 0
4 4 1
11 0 -1
8 4 1
-1110266113 1037217535
2
18 23 0
8 11 1
19 20 0
5 3 -1
-1106926720 1040556928
2
8 7 1
8 4 1
3 2 2
4 3 -1
-1109853017 1037630631
5
8 6 1
2 0 2
14 12 0
6 1 0
8 8 1
6 2 0
7 6 1
7 0 0
4 3 2
7 0 -1
-1107197971 1040285677
3
1 15 0
19 23 0
2 18 0
5 5 -1
3 21 0
18 8 -1
-1112820868 1034662780
2
6 6 1
0 12 0
2 1 -1
0 4 1
-1111513782 1035969866
2
3 5 2
14 19 0
5 11 1
5 5 -1
-1114041502 1033442146
2
10 4 1
11 4 1
4 4 -1
5 2 2
-1113585638 1033898010
2
18 6 0
4 5 1
4 4 -1
8 4 1
-1112529446 1034954202
2
6 2 1
8 3 1
12 4 0
8 4 -1
-1107885607 1039598041
2
1 1 1
7 4 0
0 1 2
2 7 -1
-1110669803 1036813845
2
8 20 0
4 10 1
0 0 -1
5 11 1
-1112642852 1034840796
2
6 5 1
0 0 1
14 2 -1
0 2 0
-1114411429 1033072219
2
5 4 1
4 1 2
15 7 -1
7 2 1
-1113552938 1033930710
2
7 2 0
3 4 1
5 1 1
1 1 -1
-1110582679 1036900969
2
8 4 0
11 1 0
9 2 -1
9 3 0
-1110716315 1036767333
2
6 2 1
4 4 1
3 4 -1
8 4 1
-1114337321 1033146327
2
3 3 2
6 14 0
7 7 1
8 4 -1
-1110767477 1036716171
2
3 21 0
20 10 0
0 3 2
8 4 -1
-1114006659 1033476989
2
6 5 0
4 4 0
3 8 -1
3 2 1
-1111647474 1035836174
2
3 7 1
3 4 1
6 13 0
2 3 -1
-1106287699 1041195949
2
16 9 0
7 3 1
10 7 1
9 10 -1
-1110055715 1037427933
2
13 6 0
8 4 1
10 7 -1
17 12 0
-1114135537 1033348111
2
5 4 2
5 9 1
10 10 1
4 2 -1
-1114333515 1033150133
4
15 12 0
13 12 0
3 4 -1
7 6 1
5 2 -1
5 0 2
0 3 -1
7 7 1
-1110557816 1036925832
4
2 3 2
16 8 0
3 4 1
16 3 -1
16 6 0
8 10 -1
17 6 0
16 13 -1
-1106114852 1041368796
2
16 1 0
8 4 1
8 4 -1
4 2 2
-1110161420 1037322228
2
9 6 1
8 6 1
14 2 -1
8 4 1
-1107854020 1039629628
2
8 10 1
10 5 1
4 4 2
0 7 -1
-1109655205 1037828443
2
9 4 0
9 3 0
10 4 0
7 5 -1
-1108753219 1038730429
5
11 2 0
4 2 2
10 2 0
18 18 0
13 2 0
18 19 0
6 1 1
13 7 0
12 2 0
13 7 -1
-1110439520 1037044128
4
13 13 0
4 2 2
13 12 0
6 2 1
13 11 0
8 4 1
2 3 -1
11 4 0
-1110264859 1037218789
2
4 6 1
8 4 1
7 13 0
10 22 -1
-1109904343 1037579305
2
0 4 1
0 5 2
7 17 -1
1 21 0
-1111364800 1036118848
2
12 22 0
2 13 0
13 22 0
2 13 -1
-1110516166 1036967482
3
4 22 0
8 22 0
4 23 0
12 15 -1
3 19 0
3 2 -1
-1107899509 1039584139
2
10 3 0
15 10 0
12 13 -1
2 2 2
-1112808637 1034675011
2
1 3 2
8 0 1
1 3 -1
4 0 2
-1113265862 1034217786
2
6 6 1
12 17 0
12 18 0
19 16 -1
-1111220102 1036263546
2
10 2 0
5 4 0
5 1 1
4 17 -1
-1111301726 1036181922
3
3 5 2
12 21 0
12 23 0
4 17 -1
11 23 0
4 1 -1
-1105184037 1042299611
2
12 21 0
0 7 1
0 5 -1
0 9 1
-1114198754 1033284894
2
17 12 0
8 4 1
17 11 0
11 11 -1
-1108916778 1038566870
2
11 22 0
4 1 1
0 1 -1
6 0 1
-1110473663 1037009985
2
11 9 1
23 23 0
11 5 1
11 20 -1
-1112314977 1035168671
5
4 0 1
4 2 2
12 1 0
17 13 0
11 1 0
8 4 1
9 0 0
7 4 1
8 1 0
7 4 -1
-1112376705 1035106943
2
11 12 0
1 4 1
13 12 -1
1 2 2
-1111181807 1036301841
2
23 23 0
5 23 0
4 2 -1
2 6 1
-1111907069 1035576579
3
8 5 1
23 18 0
16 15 -1
23 17 0
0 6 -1
11 8 1
-1113008755 1034474893
2
1 4 2
2 3 2
16 15 -1
2 2 2
-1112670525 1034813123
2
3 7 1
4 10 1
8 9 -1
2 5 2
-1112865958 1034617690
3
22 23 0
2 5 2
1 2 -1
2 4 2
9 3 -1
5 19 0
-1114110176 1033373472
2
2 5 1
2 1 2
20 15 -1
1 2 2
-1113428934 1034054714
2
4 1 1
2 5 2
8 19 -1
2 4 2
-1115188228 1032295420
2
9 21 0
6 1 1
10 0 -1
5 1 1
-1114259581 1033224067
2
4 3 2
9 4 1
8 6 1
2 1 -1
-1107458150 1040025498
3
17 8 0
13 15 0
3 0 2
2 5 -1
10 2 0
6 1 -1
-1109486500 1037997148
2
9 20 0
4 10 1
6 21 -1
2 5 2
-1115510652 1031972996
2
3 0 2
7 1 0
7 1 1
20 19 -1
-1113972218 1033511430
2
4 0 1
3 4 0
5 1 0
2 2 -1
-1112937297 1034546351
2
2 4 2
5 10 1
7 19 0
2 2 -1
-1113085956 1034397692
5
3 1 1
5 3 1
3 0 1
4 3 1
4 0 1
10 5 0
7 0 0
8 4 1
7 1 0
8 4 -1
-1113836200 1033647448
2
1 0 1
1 0 0
5 3 -1
0 1 1
-1109824406 1037659242
2
10 5 0
8 4 1
0 5 -1
4 2 2
-1112895157 1034588491
2
0 0 2
13 0 0
9 4 -1
10 0 0
-1110102812 1037380836
2
13 14 0
4 0 0
4 5 -1
2 0 1
-1113807083 1033676565
2
17 13 0
4 4 1
4 3 -1
2 2 2
-1114276842 1033206806
2
1 6 1
1 2 2
0 2 -1
6 12 0
-1111731886 1035751762
2
12 6 0
3 8 1
4 0 -1
3 9 1
-1113348294 1034135354
2
1 1 1
17 13 0
5 5 -1
17 7 0
-1114101972 1033381676
2
7 12 0
3 4 1
3 6 1
4 11 -1
-1110662836 1036820812
2
6 2 1
3 1 1
17 8 0
3 2 -1
-1110980016 1036503632
3
13 22 0
13 20 0
6 11 1
12 20 0
6 10 1
11 20 0
-1106664504 1040819144
2
4 6 1
3 4 1
2 3 2
12 20 -1
-1104223227 1043260421
2
5 1 1
13 0 0
2 1 -1
6 0 1
-1112899242 1034584406
2
2 3 2
8 5 0
8 9 0
16 17 -1
-1113151111 1034332537
2
16 1 0
7 8 1
15 1 0
11 0 -1
-1112921779 1034561869
2
11 21 0
1 4 1
18 23 -1
1 3 2
-1114087117 1033396531
2
1 0 1
15 8 0
5 2 -1
11 7 0
-1114661127 1032822521
2
5 7 1
9 13 0
4 8 -1
10 11 0
-1113171043 1034312605
2
7 10 1
22 0 0
4 4 2
4 2 -1
-1112201294 1035282354
2
11 3 0
8 4 1
3 1 2
0 0 -1
-1112257681 1035225967
2
5 11 0
10 11 0
21 22 -1
11 9 0
-1111116908 1036366740
2
5 0 2
2 6 0
5 1 2
21 14 -1
-1112268096 1035215552
3
10 11 0
6 2 1
10 0 -1
12 5 0
1 5 -1
5 2 1
-1109053910 1038429738
2
9 5 0
12 23 0
10 6 0
19 5 -1
-1109734881 1037748767
2
11 9 0
21 23 0
5 6 1
0 0 -1
-1112790648 1034693000
2
13 19 0
13 17 0
12 15 0
0 0 -1
-1107693350 1039790298
2
14 17 0
7 8 1
0 3 -1
16 19 0
-1110326423 1037157225
2
3 2 2
8 4 1
6 4 1
1 4 -1
-1107276813 1040206835
2
13 23 0
4 5 2
10 20 -1
7 10 1
-1109024530 1038459118
2
16 22 0
4 10 1
9 5 -1
2 3 2
-1111921197 1035562451
4
3 4 0
13 22 0
1 2 2
5 2 -1
1 1 2
8 9 -1
5 2 1
0 2 -1
-1112028189 1035455459
2
9 0 1
19 1 0
9 0 -1
20 2 0
-1106614577 1040869071
2
7 6 1
4 2 2
22 8 0
4 4 -1
-1109223064 1038260584
2
3 4 2
10 10 0
6 4 1
20 6 -1
-1113210006 1034273642
2
6 6 1
0 2 2
12 15 -1
0 5 1
-1110919112 1036564536
2
2 4 2
3 4 2
7 10 -1
6 8 1
-1114661020 1032822628
3
11 0 1
6 1 1
11 5 -1
12 1 0
4 7 -1
12 2 0
-1114094453 1033389195
2
11 4 0
8 10 0
17 18 -1
2 2 2
-1112416909 1035066739
2
17 10 0
8 2 1
17 18 -1
8 3 1
-1112106099 1035377549
2
9 7 1
7 6 1
9 7 -1
4 3 2
-1112298337 1035185311
2
18 0 0
11 5 0
21 0 -1
6 3 1
-1113725811 1033757837
2
5 8 0
5 9 0
2 4 2
8 16 -1
-1114368835 1033114813
2
12 5 0
4 4 1
2 4 -1
15 8 0
-1111105146 1036378502
2
1 4 1
11 7 0
1 6 1
3 9 -1
-1113392919 1034090729
2
2 3 2
2 15 0
1 3 2
2 16 0
-1113834752 1033648896
2
17 5 0
9 2 1
18 5 0
21 10 -1
-1113268674 1034214974
2
6 14 0
3 4 1
3 7 1
4 5 -1
-1107023838 1040459810
2
0 3 1
19 12 0
3 1 -1
10 4 1
-1111663456 1035820192
2
6 3 1
8 20 0
16 8 0
10 4 -1
-1111049438 1036434210
3
5 21 0
10 15 0
5 8 1
6 2 -1
2 4 2
3 1 -1
-1113515308 1033968340
2
11 10 0
11 2 1
10 12 0
11 1 -1
-1109782194 1037701454
2
10 3 1
8 3 1
10 2 1
11 5 -1
-1110486089 1036997559
2
13 5 0
12 3 0
3 8 -1
3 1 2
-1114908563 1032575085
2
13 2 0
5 1 0
7 1 1
5 1 -1
-1110584073 1036899575
2
11 10 0
14 10 0
10 8 -1
16 15 0
-1113927032 1033556616
2
2 7 1
2 5 2
10 8 -1
6 6 1
-1115537388 1031946260
2
10 1 0
2 3 2
10 8 -1
2 2 2
-1112816628 1034667020
2
4 5 1
1 2 2
0 2 -1
2 3 1
-1113535604 1033948044
2
1 1 2
16 3 0
12 9 -1
17 3 0
-1112156858 1035326790
2
12 5 0
3 7 1
6 8 -1
4 4 1
-1113647903 1033835745
2
14 11 0
11 0 0
3 5 -1
4 0 1
-1113291308 1034192340
2
6 6 1
0 1 2
10 6 -1
0 0 2
-1111802218 1035681430
2
3 0 1
15 8 0
7 7 -1
13 4 0
-1112543384 1034940264
2
18 15 0
18 18 0
1 0 -1
18 17 0
-1109949497 1037534151
2
5 4 0
4 4 1
2 4 -1
18 15 0
-1112315916 1035167732
3
3 2 2
10 8 0
14 7 0
0 3 -1
13 8 0
2 2 -1
-1111695656 1035787992
2
16 14 0
18 12 0
0 3 -1
3 5 2
-1113941607 1033542041
2
5 8 1
13 10 0
3 3 2
4 4 -1
-1113331566 1034152082
2
3 1 2
8 4 1
6 2 1
1 20 -1
-1108275027 1039208621
2
10 8 1
12 2 0
10 3 -1
7 1 1
-1109779770 1037703878
2
17 9 0
7 4 1
3 2 2
6 0 -1
-1112456186 1035027462
2
12 2 0
4 2 2
1 1 -1
4 3 2
-1111432696 1036050952
2
22 15 0
16 14 0
5 3 2
17 2 -1
-1114345152 1033138496
2
8 19 0
0 2 2
11 13 -1
0 4 1
-1114515862 1032967786
2
8 8 1
3 2 1
11 1 -1
3 5 2
-1115492779 1031990869
3
3 7 1
11 11 0
8 7 -1
5 7 1
0 5 -1
1 5 1
-1113339426 1034144222
2
12 12 0
9 4 1
6 6 1
0 2 -1
-1107686282 1039797366
2
16 7 0
16 6 0
12 1 -1
7 4 1
-1110795959 1036687689
2
13 14 0
13 0 0
5 0 -1
10 0 0
-1112973302 1034510346
5
11 0 0
13 18 0
12 1 0
16 23 0
13 0 0
14 18 0
12 0 0
4 5 2
7 0 1
4 5 -1
-1109720232 1037763416
2
14 12 0
7 8 1
5 4 -1
7 2 1
-1116729693 1030753955
2
19 2 0
11 7 1
3 5 -1
23 13 0
-1111823957 1035659691
2
0 19 0
9 5 0
0 20 0
4 2 -1
-1115785368 1031698280
2
15 12 0
9 4 1
4 3 2
5 5 -1
-1111460310 1036023338
4
8 6 1
11 8 1
0 0 -1
6 6 1
1 7 -1
11 4 1
21 16 -1
5 3 2
-1113241501 1034242147
2
11 7 0
9 6 0
11 5 -1
10 7 0
-1112778263 1034705385
2
2 1 2
16 0 0
4 2 1
6 1 -1
-1112578455 1034905193
2
0 5 1
1 23 0
0 3 2
21 8 -1
-1113615480 1033868168
2
10 7 0
4 4 1
0 0 -1
13 10 0
-1115158383 1032325265
2
11 0 1
4 16 0
4 4 -1
2 8 1
-1112978810 1034504838
2
5 12 0
3 4 1
3 6 1
3 2 -1
-1108839949 1038643699
2
10 19 0
9 21 0
0 11 -1
5 9 1
-1110044134 1037439514
2
0 17 0
0 0 2
0 9 1
5 9 -1
-1114514371 1032969277
2
4 2 0
4 5 1
5 4 -1
4 6 1
-1113363683 1034119965
2
8 1 1
4 3 0
4 0 2
3 6 -1
-1113440278 1034043370
2
11 7 1
5 1 2
0 2 -1
5 0 2
-1111989285 1035494363
2
13 17 0
3 5 2
0 2 -1
6 8 1
-1112267078 1035216570
2
2 0 2
4 2 2
1 5 -1
9 7 1
-1113425605 1034058043
2
12 13 0
23 13 0
5 8 -1
11 7 1
-1112922734 1034560914
2
0 0 1
3 11 0
0 2 0
6 18 -1
-1112065885 1035417763
2
4 6 0
1 1 2
3 5 -1
1 3 1
-1113814695 1033668953
4
3 3 2
0 0 0
6 6 1
4 22 -1
3 2 2
1 17 -1
6 5 1
1 0 -1
-1113579613 1033904035
2
8 6 1
9 4 1
4 3 2
15 8 -1
-1113348145 1034135503
2
8 7 1
8 4 1
18 8 0
5 0 -1
-1110805159 1036678489
2
0 4 1
5 0 1
0 5 -1
6 0 1
-1113240318 1034243330
2
13 23 0
7 10 1
18 19 0
13 20 -1
-1114742505 1032741143
2
10 2 0
4 5 1
6 0 1
1 1 -1
-1115443667 1032039981
2
1 5 2
0 4 2
1 4 2
20 4 -1
-1115608052 1031875596
2
5 1 2
12 18 0
5 0 2
6 11 -1
-1113201652 1034281996
5
2 3 2
9 5 1
1 3 2
3 3 -1
3 7 1
8 10 -1
1 4 2
16 6 -1
5 9 1
10 7 -1
-1113747266 1033736382
2
4 12 0
10 11 0
1 3 -1
1 2 2
-1114803557 1032680091
2
19 10 0
14 6 0
0 7 -1
7 3 1
-1114154162 1033329486
2
7 2 1
6 2 0
4 1 2
0 18 -1
-1115366477 1032117171
2
14 3 0
17 1 0
8 0 1
1 4 -1
-1107515286 1039968362
2
18 1 0
5 2 2
19 17 -1
11 5 1
-1114706051 1032777597
5
12 10 0
13 4 0
12 11 0
3 1 2
12 12 0
12 4 0
6 6 1
6 2 1
12 9 0
6 2 -1
-1112854657 1034628991
2
11 3 0
4 4 1
10 3 0
9 17 -1
-1109370991 1038112657
2
11 13 0
8 15 0
0 5 2
18 15 -1
-1112638501 1034845147
2
3 6 1
0 9 1
4 5 1
0 4 -1
-1113873117 1033610531
2
0 1 2
2 2 2
0 0 2
15 1 -1
-1116241020 1031242628
3
2 4 2
2 0 0
4 9 1
5 1 -1
2 5 2
14 4 -1
-1115287172 1032196476
2
11 20 0
6 9 1
12 20 0
10 19 -1
-1110433667 1037049981
2
7 16 0
2 2 2
0 8 -1
3 4 1
-1112921607 1034562041
5
16 1 0
8 8 1
17 1 0
8 7 1
15 1 0
4 2 2
16 0 0
12 23 0
15 0 0
12 23 -1
-1114160542 1033323106
2
2 6 1
8 1 1
4 12 -1
13 1 0
-1115011587 1032472061
2
9 3 0
3 6 1
2 2 -1
4 5 1
-1111944625 1035539023
2
10 6 1
11 2 0
8 1 -1
8 2 0
-1111495479 1035988169
2
9 7 1
19 18 0
3 0 -1
19 16 0
-1109093599 1038390049
2
3 1 2
22 4 0
2 1 2
11 0 -1
-1117178061 1030305587
2
10 9 1
4 10 1
10 8 1
4 2 -1
-1115505035 1031978613
2
0 0 0
10 2 0
1 5 -1
8 2 0
-1117993831 1029489817
2
3 8 1
8 8 0
3 7 1
2 3 -1
-1112821744 1034661904
2
13 21 0
13 20 0
5 3 -1
3 5 2
-1113576543 1033907105
2
12 11 0
1 19 0
5 2 -1
0 9 1
-1114587557 1032896091
2
7 9 1
8 10 1
10 10 1
4 2 -1
-1113373705 1034109943
2
0 5 2
2 9 1
0 9 1
11 19 -1
-1114194150 1033289498
2
3 1 2
8 4 1
5 2 1
23 9 -1
-1114667457 1032816191
2
3 2 2
5 2 2
4 4 1
9 5 -1
-1113318098 1034165550
2
11 2 1
19 6 0
11 3 1
9 5 -1
-1112890981 1034592667
2
9 5 1
10 0 1
4 10 -1
22 16 0
-1114482673 1033000975
3
19 3 0
6 10 1
9 1 1
3 3 -1
19 2 0
6 0 -1
-1113518671 1033964977
2
8 10 1
23 3 0
3 3 2
14 18 -1
-1114688057 1032795591
2
11 19 0
4 4 1
11 0 -1
16 11 0
-1117116981 1030366667
2
22 3 0
9 4 1
23 22 -1
3 2 2
-1118218878 1029264770
2
7 12 0
8 10 0
2 4 -1
4 5 1
-1112187635 1035296013
2
12 5 0
11 2 0
13 13 -1
3 0 2
-1113797230 1033686418
2
3 0 1
12 5 0
17 16 -1
12 6 0
-1114759739 1032723909
2
4 1 2
4 0 0
3 0 2
3 3 -1
-1113975276 1033508372
2
10 12 0
12 13 0
3 0 -1
12 12 0
-1112702145 1034781503
2
13 11 0
0 4 1
4 14 -1
0 6 0
-1113182588 1034301060
2
8 7 1
3 5 2
7 8 1
0 21 -1
-1114952683 1032530965
2
1 4 2
8 7 1
3 14 0
8 7 -1
-1113483519 1034000129
2
13 20 0
21 20 0
11 7 -1
21 18 0
-1114022254 1033461394
2
2 11 0
2 15 0
1 0 -1
2 14 0
-1111615420 1035868228
2
10 8 1
8 7 1
1 0 -1
4 4 2
-1111557001 1035926647
2
17 13 0
4 2 2
6 1 -1
8 4 1
-1106278972 1041204676
2
7 1 1
15 1 0
15 3 0
5 8 -1
-1108285656 1039197992
2
16 20 0
6 11 1
1 10 -1
8 10 1
-1112171585 1035312063
2
7 0 1
7 7 1
14 0 0
8 3 -1
-1113169313 1034314335
2
12 17 0
12 16 0
5 4 -1
5 10 1
-1111401661 1036081987
2
13 15 0
12 17 0
3 0 -1
7 8 1
-1113296524 1034187124
2
7 14 0
4 6 1
1 1 -1
6 12 0
-1112555111 1034928537
2
8 0 0
6 5 0
7 0 0
20 5 -1
-1110251475 1037232173
2
10 22 0
4 4 2
2 5 -1
8 9 1
-1111230019 1036253629
4
8 6 1
2 2 2
2 5 -1
7 1 0
2 3 -1
4 0 1
9 11 -1
3 2 2
-1113750930 1033732718
2
12 12 0
8 4 1
6 6 1
2 1 -1
-1111969411 1035514237
2
13 19 0
13 20 0
11 8 -1
13 17 0
-1109991227 1037492421
2
11 5 0
3 8 1
19 14 -1
4 4 1
-1112034930 1035448718
2
10 8 1
21 16 0
0 6 -1
21 15 0
-1112461101 1035022547
2
1 7 1
2 5 2
12 6 -1
7 14 0
-1112512855 1034970793
2
2 7 1
2 5 2
9 5 -1
5 9 1
-1114516541 1032967107
2
12 15 0
3 0 2
5 6 -1
12 2 0
-1112337529 1035146119
2
23 23 0
0 2 2
22 1 -1
0 3 2
-1113863317 1033620331
2
3 1 2
8 4 1
6 2 1
0 3 -1
-1110443031 1037040617
2
5 9 0
4 4 1
1 1 -1
2 2 2
-1113214078 1034269570
2
0 0 2
2 9 0
1 0 0
3 10 -1
-1114525117 1032958531
2
6 16 0
6 23 0
0 14 -1
3 14 0
-1112336353 1035147295
2
3 2 2
13 19 0
3 3 1
3 14 -1
-1116154885 1031328763
2
11 8 0
4 1 2
5 18 -1
7 2 1
-1114785778 1032697870
2
4 5 1
2 5 2
4 6 1
2 3 -1
-1113862491 1033621157
2
7 13 0
4 4 1
3 7 1
3 1 -1
-1111397144 1036086504
2
0 5 1
2 5 1
0 6 0
1 1 -1
-1113559622 1033924026
2
7 3 1
5 16 0
14 5 0
0 7 -1
-1114923104 1032560544
2
11 18 0
11 16 0
2 5 2
4 4 -1
-1111997380 1035486268
2
6 19 0
3 10 1
16 20 -1
2 5 2
-1110859437 1036624211
2
5 3 0
1 4 0
3 1 1
3 8 -1
-1113478083 1034005565
2
12 13 0
10 12 0
6 6 1
1 2 -1
-1113441585 1034042063
2
8 6 1
4 2 2
3 2 -1
8 4 1
-1114076893 1033406755
2
9 21 0
8 1 1
3 2 -1
4 0 2
-1108260409 1039223239
2
8 1 1
8 4 1
4 0 -1
6 2 1
-1113045223 1034438425
2
2 1 2
7 6 1
7 6 -1
9 4 1
-1113197426 1034286222
2
6 8 1
10 19 0
3 3 2
5 11 -1
-1114703101 1032780547
2
2 3 2
3 4 1
2 4 2
6 6 -1
-1112384439 1035099209
2
3 5 2
11 21 0
11 20 0
5 8 -1
-1112884734 1034598914
3
5 4 2
23 23 0
9 7 0
10 3 -1
5 5 2
4 22 -1
-1115782605 1031701043
4
11 13 0
8 4 1
9 8 -1
2 2 2
7 11 -1
11 4 0
1 10 -1
12 4 0
-1114586902 1032896746
2
0 7 1
0 1 2
0 6 1
4 0 -1
-1114791409 1032692239
2
19 0 0
21 0 0
20 1 0
1 2 -1
-1114539429 1032944219
2
8 11 0
11 12 0
5 0 -1
0 1 2
-1115317310 1032166338
2
11 1 0
4 5 1
11 1 -1
7 4 1
-1113826270 1033657378
2
5 4 2
13 5 0
12 23 -1
15 4 0
-1114325187 1033158461
2
12 4 0
9 2 0
20 16 -1
4 1 1
-1114457582 1033026066
2
12 2 0
4 2 2
13 2 0
16 11 0
-1112335381 1035148267
2
19 10 0
3 0 2
14 17 -1
8 2 0
-1114731675 1032751973
2
8 1 1
19 3 0
12 2 0
10 1 -1
-1112664833 1034818815
4
17 8 0
17 9 0
2 6 1
9 22 -1
3 2 2
12 13 -1
10 12 0
2 5 -1
-1115318100 1032165548
2
20 15 0
13 7 0
10 7 1
9 3 -1
-1114249118 1033234530
2
0 1 2
10 9 1
0 0 2
3 2 -1
-1115660537 1031823111
2
4 1 2
0 14 0
3 0 2
22 6 -1
-1114566649 1032916999
2
16 4 0
16 2 0
3 0 2
3 0 -1
-1113356835 1034126813
2
8 6 1
8 4 1
16 12 0
12 7 -1
-1107254209 1040229439
2
5 0 2
10 5 1
11 5 1
1 5 -1
-1109773757 1037709891
2
7 5 0
3 2 1
4 5 -1
6 3 0
-1112632319 1034851329
2
11 11 0
23 20 0
11 12 0
7 2 -1
-1111602815 1035880833
2
16 12 0
8 2 1
8 5 1
2 1 -1
-1113421192 1034062456
3
6 11 1
11 21 0
11 23 0
3 3 -1
11 20 0
22 16 -1
-1112520382 1034963266
2
17 3 0
4 3 2
15 2 -1
4 2 2
-1113895184 1033588464
2
21 11 0
11 6 1
21 10 0
3 2 -1
-1113427419 1034056229
2
23 22 0
20 18 0
21 10 -1
10 10 1
-1114130143 1033353505
2
4 6 1
3 4 1
2 3 2
2 3 -1
-1110189934 1037293714
2
16 18 0
8 4 0
0 11 -1
7 4 0
-1110488930 1036994718
2
6 3 0
1 2 2
21 16 -1
8 14 0
-1113447872 1034035776
2
8 3 0
11 2 0
1 0 -1
11 1 0
-1112324520 1035159128
3
11 9 1
23 23 0
11 10 1
1 9 -1
11 8 1
0 11 -1
-1116113377 1031370271
2
6 2 1
7 8 0
3 1 2
1 2 -1
-1114007004 1033476644
2
10 17 0
10 16 0
17 19 -1
4 9 1
-1107582013 1039901635
2
3 7 1
11 11 0
6 1 -1
0 8 1
-1115593326 1031890322
2
10 11 1
5 0 2
5 4 2
5 0 -1
-1113892494 1033591154
2
3 3 2
8 4 1
6 6 1
0 16 -1
-1114558657 1032924991
2
14 20 0
7 11 1
1 2 -1
7 9 1
-1109933074 1037550574
3
11 16 0
14 20 0
13 21 0
16 14 -1
4 3 2
5 9 -1
-1112598499 1034885149
2
7 1 1
4 2 2
0 1 -1
7 4 1
-1113461805 1034021843
2
23 9 0
11 1 0
11 4 1
3 3 -1
-1115565705 1031917943
2
11 23 0
13 20 0
13 23 0
13 20 -1
-1112775145 1034708503
2
10 5 0
20 18 0
8 11 -1
19 20 0
-1114523195 1032960453
2
19 22 0
2 3 1
5 4 -1
9 17 0
-1113746828 1033736820
2
15 13 0
8 4 1
2 7 -1
4 2 2
-1114078615 1033405033
2
14 17 0
15 19 0
13 2 -1
13 15 0
-1110142630 1037341018
2
12 8 0
7 5 1
23 22 -1
10 9 0
-1113348127 1034135521
2
2 21 0
3 3 1
6 10 -1
4 3 1
-1114517923 1032965725
2
15 5 0
3 17 0
11 0 -1
4 16 0
-1114582480 1032901168
2
3 18 0
14 17 0
1 8 1
4 7 -1
-1112547710 1034935938
2
15 18 0
1 0 0
3 3 2
22 1 -1
-1114676572 1032807076
2
13 9 0
0 9 1
3 3 -1
1 20 0
-1113917062 1033566586
2
1 1 2
9 10 1
1 0 2
23 12 -1
-1114518606 1032965042
4
9 8 1
23 20 0
0 0 -1
7 7 1
9 0 -1
5 5 2
1 10 -1
23 19 0
-1114886409 1032597239
2
18 12 0
8 4 1
18 12 -1
4 2 2
-1110180351 1037303297
3
0 3 1
16 8 0
4 5 -1
11 5 0
1 3 -1
8 6 0
-1113125844 1034357804
5
9 0 0
8 22 0
10 0 0
3 9 1
14 0 0
4 5 0
11 0 0
6 4 0
11 0 -1
2 0 2
-1114074798 1033408850
2
6 2 1
7 8 0
5 2 1
3 7 -1
-1113128875 1034354773
2
11 15 0
3 0 2
5 2 -1
10 1 0
-1111845058 1035638590
2
0 11 1
22 14 0
11 12 -1
22 13 0
-1115758593 1031725055
2
2 15 0
1 11 1
2 14 0
2 8 -1
-1110197499 1037286149
2
11 0 1
19 3 0
6 7 -1
5 0 2
-1114930981 1032552667
2
2 3 2
1 5 1
3 7 1
5 0 -1
-1114908491 1032575157
2
10 4 0
4 2 2
14 5 -1
18 12 0
-1116974943 1030508705
2
19 12 0
13 10 0
10 2 -1
4 2 2
-1116576919 1030906729
2
6 21 0
6 0 1
1 6 -1
5 0 1
-1112854389 1034629259
